0	0
1	130
2	165
3	160
4	160
5	157
6	155
7	155
8	155
9	154
10	155
11	156
12	155
13	157
14	161
15	165
16	167
17	167
18	170
19	174
20	177
21	175
22	178
23	182
24	181
25	175
26	180
27	196
28	207
29	209
30	209
31	208
32	203
33	197
34	187
35	183
36	197
37	199
38	190
39	178
40	172
41	169
42	159
43	146
44	135
45	131
46	137
47	143
48	145
49	145
50	140
51	140
52	142
53	145
54	146
55	145
56	145
57	141
58	134
59	134
60	136
61	139
62	138
63	135
64	135
65	140
66	142
67	146
68	146
69	138
70	127
71	127
72	135
73	144
74	149
75	148
76	150
77	155
78	158
79	159
80	160
81	165
82	165
83	163
84	163
85	168
86	170
87	170
88	172
89	170
90	164
91	162
92	164
93	165
94	162
95	160
96	160
97	160
98	160
99	160
100	153
101	151
102	150
103	157
104	171
105	180
106	174
107	165
108	169
109	173
110	179
111	184
112	193
113	193
114	197
115	209
116	211
117	210
118	211
119	210
120	207
121	207
122	198
123	198
124	205
125	201
126	192
127	194
128	198
129	197
130	194
131	197
132	198
133	193
134	195
135	196
136	191
137	188
138	190
139	192
140	194
141	191
142	188
143	188
144	186
145	182
146	182
147	183
148	185
149	188
150	191
151	195
152	194
153	189
154	187
155	185
156	180
157	175
158	171
159	174
160	173
161	172
162	177
163	178
164	175
165	176
166	188
167	202
168	208
169	217
170	222
171	225
172	229
173	226
174	225
175	224
176	223
177	219
178	220
179	220
180	218
181	213
182	216
183	227
184	228
185	229
186	224
187	227
188	224
189	232
190	242
191	240
192	245
193	244
194	184
195	0
196	206
197	307
198	308
199	313
200	316
201	318
202	325
203	330
204	325
205	322
206	320
207	315
208	316
209	320
210	325
211	328
212	327
213	317
214	318
215	324
216	321
217	324
218	325
219	328
220	330
221	327
222	325
223	335
224	340
225	342
226	342
227	346
228	345
229	345
230	350
231	350
232	353
233	353
234	357
235	360
236	360
237	361
238	357
239	355
240	357
241	359
242	370
243	376
244	370
245	371
246	379
247	383
248	314
249	375
250	362
251	361
252	379
253	389
254	387
255	387
256	387
257	385
258	388
259	392
260	396
261	401
262	407
263	409
264	404
265	402
266	405
267	404
268	405
269	398
270	392
271	406
272	395
273	405
274	408
275	412
276	413
277	411
278	412
279	413
280	415
281	421
282	424
283	423
284	420
285	423
286	419
287	405
288	415
289	419
290	412
291	416
292	416
293	417
294	423
295	400
296	413
297	405
298	420
299	424
300	426
301	424
302	420
303	409
304	412
305	409
306	404
307	409
308	410
309	409
310	403
311	401
312	410
313	408
314	397
315	388
316	396
317	368
318	334
319	345
320	335
321	330
322	321
323	317
324	318
325	307
326	311
327	306
328	302
329	294
330	290
331	280
332	271
333	259
334	245
335	237
336	232
337	222
338	215
339	209
340	201
341	197
342	192
343	185
344	187
345	184
346	181
347	178
348	177
349	178
350	164
351	161
352	175
353	171
354	165
355	160
356	157
357	160
358	156
359	129
360	119
361	104
362	117
363	116
364	110
365	129
366	154
367	134
368	145
369	146
370	145
371	143
372	140
373	135
374	134
375	138
376	135
377	134
378	130
379	124
380	128
381	110
382	114
383	124
384	135
385	141
386	140
387	139
388	141
389	140
390	135
391	126
392	118
393	114
394	114
395	119
396	119
397	125
398	129
399	119
400	120
401	121
402	123
403	114
404	114
405	119
406	116
407	110
408	102
409	99
410	98
411	86
412	80
413	78
414	85
415	94
416	98
417	95
418	94
419	95
420	91
421	90
422	88
423	95
424	93
425	97
426	96
427	96
428	97
429	98
430	99
431	99
432	99
433	97
434	96
435	96
436	95
437	97
438	98
439	100
440	100
441	102
442	104
443	106
444	108
445	109
446	110
447	111
448	112
449	114
450	114
451	115
452	126
453	126
454	128
455	129
456	130
457	130
458	129
459	128
460	128
461	128
462	127
463	127
464	128
465	130
466	130
467	131
468	133
469	132
470	131
471	131
472	130
473	128
474	128
475	130
476	129
477	131
478	131
479	131
480	130
481	125
482	124
483	121
484	119
485	119
486	120
487	119
488	118
489	118
490	119
491	116
492	115
493	114
494	114
495	114
496	114
497	114
498	113
499	111
500	110
501	109
502	109
503	109
504	109
505	108
506	109
507	107
508	105
509	104
510	105
511	104
512	104
513	105
514	106
515	105
516	104
517	101
518	99
519	94
520	93
521	95
522	92
523	91
524	92
525	85
526	86
527	83
528	84
529	83
530	83
531	82
532	81
533	81
534	81
535	80
536	81
537	82
538	80
539	79
540	76
541	81
542	79
543	79
544	84
545	84
546	85
547	85
548	86
549	85
550	79
551	78
552	77
553	76
554	76
555	77
556	75
557	76
558	75
559	76
560	76
561	78
562	77
563	76
564	75
565	77
566	76
567	81
568	82
569	82
570	81
571	81
572	82
573	80
574	75
575	75
576	75
577	74
578	74
579	74
580	74
581	75
582	77
583	75
584	75
585	78
586	74
587	74
588	75
589	74
590	72
591	72
592	72
593	73
594	74
595	74
596	73
597	72
598	75
599	78
600	80
601	78
602	78
603	80
604	80
605	79
606	79
607	77
608	77
609	76
610	76
611	75
612	75
613	75
614	75
615	76
616	75
617	76
618	75
619	75
620	75
621	75
622	74
623	74
624	75
625	74
626	74
627	73
628	72
629	72
630	72
631	70
632	71
633	71
634	70
635	70
636	70
637	70
638	69
639	68
640	69
641	68
642	68
643	68
644	67
645	65
646	65
647	64
648	65
649	65
650	67
651	68
652	68
653	67
654	66
655	65
656	65
657	65
658	65
659	64
660	63
661	64
662	64
663	65
664	66
665	67
666	67
667	67
668	67
669	67
670	66
671	62
672	62
673	63
674	65
675	66
676	66
677	66
678	66
679	65
680	66
681	66
682	66
683	66
684	65
685	65
686	65
687	65
688	65
689	65
690	65
691	65
692	64
693	64
694	65
695	64
696	63
697	62
698	62
699	62
700	63
701	63
702	63
703	63
704	63
705	64
706	64
707	63
708	63
709	57
710	57
711	56
712	60
713	61
714	61
715	61
716	61
717	61
718	60
719	60
720	60
721	61
722	60
723	60
724	60
725	59
726	59
727	59
728	59
729	59
730	59
731	59
732	59
733	59
734	59
735	59
736	59
737	58
738	57
739	57
740	57
741	58
742	59
743	58
744	58
745	58
746	58
747	58
748	59
749	59
750	57
751	59
752	59
753	59
754	59
755	58
756	58
757	59
758	59
759	59
760	58
761	58
762	58
763	58
764	58
765	58
766	58
767	58
768	58
769	58
770	57
771	57
772	57
773	57
774	57
775	57
776	57
777	57
778	56
779	57
780	57
781	57
782	57
783	57
784	58
785	57
786	57
787	57
788	57
789	57
790	56
791	57
792	57
793	57
794	57
795	56
796	56
797	55
798	54
799	54
800	54
801	54
802	54
803	55
804	56
805	56
806	56
807	56
808	56
809	56
810	54
811	54
812	54
813	55
814	55
815	55
816	55
817	56
818	55
819	55
820	55
821	55
822	55
823	55
824	54
825	54
826	54
827	54
828	54
829	54
830	53
831	53
832	53
833	53
834	53
835	53
836	54
837	53
838	53
839	51
840	50
841	51
842	51
843	51
844	50
845	51
846	50
847	50
848	50
849	50
850	51
851	52
852	53
853	52
854	51
855	51
856	52
857	53
858	52
859	52
860	53
861	51
862	53
863	53
864	53
865	53
866	53
867	53
868	53
869	53
870	53
871	53
872	53
873	53
874	53
875	53
876	53
877	51
878	53
879	53
880	53
881	54
882	54
883	54
884	54
885	54
886	53
887	53
888	54
889	54
890	54
891	54
892	54
893	54
894	53
895	53
896	53
897	53
898	53
899	53
900	53
901	54
902	53
903	53
904	53
905	53
906	52
907	52
908	52
909	51
910	51
911	50
912	51
913	51
914	51
915	51
916	51
917	51
918	50
919	50
920	50
921	50
922	50
923	50
924	50
925	50
926	50
927	49
928	49
929	48
930	46
931	46
932	45
933	46
934	48
935	49
936	49
937	49
938	48
939	49
940	49
941	49
942	48
943	47
944	48
945	49
946	49
947	49
948	49
949	49
950	49
951	49
952	49
953	49
954	49
955	49
956	49
957	45
958	47
959	46
960	48
961	48
962	48
963	48
964	47
965	47
966	47
967	47
968	46
969	47
970	46
971	47
972	47
973	47
974	47
975	47
976	46
977	46
978	46
979	46
980	47
981	48
982	48
983	48
984	48
985	47
986	48
987	48
988	48
989	47
990	48
991	48
992	48
993	48
994	48
995	47
996	47
997	46
998	46
999	47
1000	47
1001	46
1002	46
1003	47
1004	47
1005	46
1006	46
1007	46
1008	46
1009	47
1010	47
1011	47
1012	46
1013	46
1014	46
1015	46
1016	46
1017	46
1018	46
1019	46
1020	46
1021	46
1022	45
1023	45
1024	45
1025	46
1026	46
1027	46
1028	46
1029	45
1030	44
1031	45
1032	45
1033	45
1034	45
1035	45
1036	45
1037	45
1038	44
1039	44
1040	43
1041	43
1042	43
1043	43
1044	43
1045	43
1046	43
1047	43
1048	43
1049	43
1050	43
1051	44
1052	44
1053	44
1054	44
1055	44
1056	43
1057	43
1058	43
1059	43
1060	43
1061	43
1062	44
1063	43
1064	43
1065	43
1066	43
1067	43
1068	44
1069	45
1070	45
1071	46
1072	46
1073	46
1074	46
1075	45
1076	45
1077	45
1078	46
1079	46
1080	46
1081	46
1082	46
1083	45
1084	45
1085	46
1086	45
1087	45
1088	45
1089	45
1090	45
1091	45
1092	44
1093	43
1094	41
1095	42
1096	42
1097	41
1098	40
1099	40
1100	39
1101	40
1102	40
1103	40
1104	40
1105	41
1106	40
1107	40
1108	41
1109	42
1110	46
1111	44
1112	43
1113	42
1114	43
1115	43
1116	45
1117	44
1118	43
1119	43
1120	43
1121	42
1122	44
1123	44
1124	45
1125	45
1126	43
1127	43
1128	43
1129	43
1130	43
1131	43
1132	43
1133	41
1134	40
1135	38
1136	36
1137	35
1138	35
1139	34
1140	33
1141	33
1142	33
1143	34
1144	34
1145	35
1146	35
1147	35
1148	35
1149	35
1150	35
1151	34
1152	34
1153	33
1154	33
1155	33
1156	33
1157	32
1158	32
1159	32
1160	32
1161	32
1162	31
1163	30
1164	29
1165	29
1166	29
1167	28
1168	28
1169	28
1170	28
1171	28
1172	27
1173	27
1174	27
1175	27
1176	27
1177	27
1178	28
1179	28
1180	28
1181	29
1182	29
1183	29
1184	29
1185	29
1186	30
1187	31
1188	31
1189	32
1190	31
1191	31
1192	31
1193	31
1194	31
1195	32
1196	32
1197	32
1198	32
1199	33
1200	33
1201	33
1202	33
1203	33
1204	33
1205	33
1206	33
1207	32
1208	32
1209	31
1210	31
1211	30
1212	30
1213	30
1214	30
1215	31
1216	31
1217	31
1218	30
1219	31
1220	32
1221	32
1222	32
1223	32
1224	32
1225	32
1226	32
1227	32
1228	32
1229	32
1230	33
1231	34
1232	35
1233	35
1234	35
1235	35
1236	35
1237	36
1238	36
1239	36
1240	36
1241	36
1242	36
1243	36
1244	36
1245	35
1246	36
1247	36
1248	37
1249	37
1250	36
1251	36
1252	37
1253	37
1254	37
1255	37
1256	37
1257	36
1258	36
1259	36
1260	36
1261	36
1262	36
1263	37
1264	37
1265	37
1266	37
1267	38
1268	38
1269	38
1270	38
1271	39
1272	39
1273	39
1274	40
1275	40
1276	40
1277	40
1278	40
1279	40
1280	41
1281	40
1282	40
1283	40
1284	40
1285	40
1286	40
1287	40
1288	40
1289	40
1290	40
1291	40
1292	40
1293	40
1294	41
1295	41
1296	42
1297	41
1298	41
1299	41
1300	41
1301	41
1302	41
1303	41
1304	41
1305	41
1306	41
1307	40
1308	40
1309	39
1310	39
1311	39
1312	39
1313	38
1314	38
1315	38
1316	39
1317	40
1318	40
1319	40
1320	40
1321	40
1322	40
1323	39
1324	40
1325	40
1326	40
1327	40
1328	40
1329	40
1330	40
1331	40
1332	40
1333	40
1334	40
1335	40
1336	40
1337	40
1338	39
1339	40
1340	41
1341	41
1342	41
1343	41
1344	41
1345	41
1346	40
1347	38
1348	37
1349	36
1350	35
1351	36
1352	37
1353	39
1354	39
1355	39
1356	38
1357	38
1358	38
1359	38
1360	37
1361	38
1362	38
1363	38
1364	38
1365	37
1366	37
1367	36
1368	36
1369	35
1370	35
1371	35
1372	34
1373	34
1374	34
1375	34
1376	34
1377	34
1378	33
1379	33
1380	32
1381	32
1382	32
1383	32
1384	32
1385	31
1386	31
1387	31
1388	31
1389	31
1390	31
1391	31
1392	31
1393	31
1394	31
1395	31
1396	31
1397	31
1398	31
1399	31
1400	31
1401	31
1402	31
1403	31
1404	31
1405	32
1406	32
1407	32
1408	32
1409	32
1410	32
1411	32
1412	31
1413	31
1414	31
1415	31
1416	31
1417	32
1418	32
1419	32
1420	32
1421	32
1422	32
1423	32
1424	31
1425	31
1426	31
1427	31
1428	31
1429	31
1430	31
1431	31
1432	31
1433	31
1434	31
1435	31
1436	31
1437	32
1438	32
1439	32
1440	31
1441	31
1442	31
1443	31
1444	31
1445	31
1446	31
1447	30
1448	30
1449	30
1450	29
1451	29
1452	29
1453	29
1454	29
1455	29
1456	29
1457	29
1458	29
1459	29
1460	29
1461	29
1462	29
1463	28
1464	29
1465	29
1466	28
1467	28
1468	28
1469	28
1470	28
1471	27
1472	27
1473	27
1474	27
1475	26
1476	26
1477	26
1478	26
1479	26
1480	25
1481	25
1482	25
1483	25
1484	25
1485	25
1486	24
1487	24
1488	24
1489	24
1490	24
1491	24
1492	24
1493	25
1494	25
1495	25
1496	25
1497	25
1498	25
1499	25
1500	25
1501	25
1502	24
1503	24
1504	24
1505	24
1506	24
1507	24
1508	24
1509	24
1510	24
1511	24
1512	24
1513	24
1514	24
1515	24
1516	24
1517	24
1518	24
1519	23
1520	23
1521	23
1522	23
1523	23
1524	23
1525	22
1526	22
1527	22
1528	22
1529	22
1530	21
1531	21
1532	21
1533	21
1534	21
1535	21
1536	21
1537	21
1538	21
1539	21
1540	21
1541	21
1542	21
1543	21
1544	21
1545	21
1546	21
1547	20
1548	20
1549	20
1550	20
1551	21
1552	20
1553	20
1554	20
1555	20
1556	20
1557	20
1558	20
1559	20
1560	20
1561	20
1562	20
1563	20
1564	20
1565	20
1566	20
1567	20
1568	20
1569	20
1570	20
1571	20
1572	20
1573	20
1574	20
1575	20
1576	19
1577	19
1578	19
1579	19
1580	19
1581	19
1582	19
1583	18
1584	18
1585	18
1586	19
1587	19
1588	18
1589	18
1590	18
1591	18
1592	18
1593	17
1594	18
1595	17
1596	17
1597	17
1598	17
1599	17
1600	17
1601	17
1602	17
1603	17
1604	17
1605	17
1606	17
1607	17
1608	17
1609	17
1610	17
1611	17
1612	17
1613	17
1614	18
1615	17
1616	17
1617	17
1618	17
1619	17
1620	17
1621	17
1622	17
1623	17
1624	17
1625	17
1626	16
1627	17
1628	17
1629	17
1630	17
1631	16
1632	16
1633	16
1634	16
1635	16
1636	16
1637	15
1638	15
1639	15
1640	15
1641	15
1642	15
1643	15
1644	15
1645	15
1646	15
1647	15
1648	15
1649	15
1650	15
1651	15
1652	15
1653	15
1654	14
1655	14
1656	14
1657	14
1658	14
1659	14
1660	15
1661	15
1662	15
1663	15
1664	15
1665	15
1666	15
1667	15
1668	15
1669	15
1670	15
1671	16
1672	16
1673	16
1674	16
1675	16
1676	15
1677	15
1678	15
1679	15
1680	15
1681	15
1682	16
1683	16
1684	16
1685	16
1686	15
1687	15
1688	15
1689	15
1690	15
1691	15
1692	14
1693	15
1694	14
1695	15
1696	15
1697	14
1698	14
1699	14
1700	14
1701	14
1702	14
1703	14
1704	14
1705	14
1706	14
1707	14
1708	14
1709	14
1710	14
1711	14
1712	14
1713	14
1714	14
1715	14
1716	14
1717	14
1718	14
1719	14
1720	14
1721	14
1722	14
1723	14
1724	14
1725	14
1726	14
1727	14
1728	14
1729	14
1730	14
1731	14
1732	14
1733	14
1734	14
1735	14
1736	14
1737	14
1738	14
1739	14
1740	14
1741	14
1742	14
1743	14
1744	14
1745	14
1746	14
1747	14
1748	14
1749	14
1750	14
1751	14
1752	14
1753	14
1754	14
1755	14
1756	14
1757	14
1758	14
1759	14
1760	14
1761	14
1762	14
1763	14
1764	14
1765	14
1766	14
1767	13
1768	13
1769	13
1770	13
1771	13
1772	13
1773	13
1774	13
1775	13
1776	13
1777	13
1778	13
1779	13
1780	12
1781	12
1782	12
1783	12
1784	12
1785	12
1786	12
1787	12
1788	12
1789	12
1790	12
1791	12
1792	12
1793	12
1794	12
1795	12
1796	12
1797	12
1798	12
1799	12
1800	12
1801	11
1802	11
1803	11
1804	11
1805	11
1806	11
1807	11
1808	11
1809	11
1810	11
1811	11
1812	11
1813	11
1814	10
1815	11
1816	10
1817	11
1818	10
1819	10
1820	10
1821	10
1822	10
1823	10
1824	10
1825	10
1826	10
1827	10
1828	10
1829	10
1830	10
1831	10
1832	10
1833	10
1834	10
1835	10
1836	10
1837	10
1838	10
1839	10
1840	10
1841	10
1842	10
1843	10
1844	10
1845	9
1846	9
1847	9
1848	9
1849	9
1850	9
1851	9
1852	9
1853	9
1854	9
1855	9
1856	9
1857	9
1858	9
1859	8
1860	8
1861	8
1862	8
1863	8
1864	8
1865	8
1866	8
1867	8
1868	8
1869	8
1870	8
1871	8
1872	8
1873	8
1874	8
1875	8
1876	8
1877	7
1878	7
1879	7
1880	7
1881	7
1882	7
1883	7
1884	7
1885	7
1886	7
1887	7
1888	7
1889	7
1890	7
1891	7
1892	7
1893	7
1894	7
1895	7
1896	7
1897	7
1898	7
1899	7
1900	7
1901	7
1902	7
1903	7
1904	7
1905	6
1906	6
1907	6
1908	6
1909	6
1910	6
1911	6
1912	6
1913	6
1914	6
1915	6
1916	6
1917	6
1918	6
1919	6
1920	6
1921	6
1922	6
1923	6
1924	6
1925	6
1926	6
1927	6
1928	6
1929	6
1930	5
1931	5
1932	5
1933	5
1934	5
1935	5
1936	5
1937	5
1938	5
1939	5
1940	5
1941	5
1942	5
1943	5
1944	5
1945	5
1946	5
1947	5
1948	5
1949	5
1950	5
1951	5
1952	5
1953	5
1954	5
1955	5
1956	5
1957	5
1958	5
1959	5
1960	5
1961	5
1962	5
1963	5
1964	5
1965	5
1966	5
1967	5
1968	5
1969	5
1970	5
1971	5
1972	5
1973	5
1974	5
1975	5
1976	4
1977	4
1978	4
1979	4
1980	4
1981	4
1982	4
1983	4
1984	4
1985	4
1986	4
1987	4
1988	4
1989	4
1990	4
1991	4
1992	4
1993	4
1994	4
1995	3
1996	3
1997	3
1998	3
1999	3
2000	3
2001	3
2002	3
2003	3
2004	3
2005	3
2006	3
2007	3
2008	3
2009	3
2010	3
2011	3
2012	3
2013	3
2014	3
2015	3
2016	2
2017	2
2018	2
2019	2
2020	2
2021	2
2022	2
2023	2
2024	2
2025	2
2026	2
2027	2
2028	2
2029	2
2030	2
2031	2
2032	2
2033	2
2034	2
2035	2
2036	2
2037	2
2038	1
2039	1
2040	1
2041	1
2042	1
2043	1
2044	1
2045	1
2046	1
2047	1
2048	1
2049	1
2050	1
2051	1
2052	1
2053	1
2054	1
2055	1
2056	1
2057	1
2058	1
2059	1
2060	1
2061	1
2062	1
2063	1
2064	1
2065	1
2066	1
2067	1
2068	1
2069	1
2070	1
2071	0
2072	1
2073	1
2074	1
2075	0
2076	0
2077	0
2078	0
2079	0
2080	0
2081	0
2082	0
2083	0
2084	0
2085	0
2086	0
2087	0
2088	0
2089	0
2090	0
2091	0
2092	0
2093	0
2094	0
2095	0
2096	0
2097	0
2098	0
2099	0
2100	0
2101	0
2102	0
2103	0
2104	0
2105	0
2106	0
2107	0
2108	0
2109	0
2110	0
2111	0
2112	0
2113	0
2114	0
2115	0
2116	0
2117	0
2118	0
2119	0
2120	0
2121	0
2122	0
2123	0
2124	0
2125	0
2126	0
2127	0
2128	0
2129	0
2130	0
2131	0
2132	0
2133	0
2134	0
2135	0
2136	0
2137	0
2138	0
2139	0
2140	0
2141	0
2142	0
2143	0
2144	0
2145	0
2146	0
2147	0
2148	0
2149	0
2150	0
2151	0
2152	0
2153	0
2154	0
2155	0
2156	0
2157	0
2158	0
2159	0
2160	0
2161	0
2162	0
2163	0
2164	0
2165	0
2166	0
2167	0
2168	0
2169	0
2170	0
2171	0
2172	0
2173	0
2174	0
2175	0
2176	0
2177	0
2178	0
2179	0
2180	0
2181	0
2182	0
2183	0
2184	0
2185	0
2186	0
2187	0
2188	0
2189	0
2190	0
2191	0
2192	0
2193	0
2194	0
2195	0
2196	0
2197	0
2198	0
2199	0
2200	0
2201	0
2202	0
2203	0
2204	0
2205	0
2206	0
2207	0
2208	0
2209	0
2210	0
2211	0
2212	0
2213	0
2214	0
2215	0
2216	0
2217	0
2218	0
2219	0
2220	0
2221	0
2222	0
2223	0
2224	0
2225	0
2226	0
2227	0
2228	0
2229	0
2230	0
2231	0
2232	0
2233	0
2234	0
2235	0
2236	0
2237	0
2238	0
2239	0
2240	0
2241	0
2242	0
2243	0
2244	0
2245	0
2246	0
2247	0
2248	0
2249	0
2250	0
2251	0
2252	0
2253	0
2254	0
2255	0
2256	0
2257	0
2258	0
2259	0
2260	0
2261	0
2262	0
2263	0
2264	0
2265	0
2266	0
2267	0
2268	0
2269	0
2270	0
2271	0
2272	0
2273	0
2274	0
2275	0
2276	0
2277	0
2278	0
2279	0
2280	0
2281	0
2282	0
2283	0
2284	0
2285	0
2286	0
2287	0
2288	0
2289	0
2290	0
2291	0
2292	0
2293	0
2294	0
2295	0
2296	0
2297	0
2298	0
2299	0
2300	0
2301	0
2302	0
2303	0
2304	0
2305	0
2306	0
2307	0
2308	0
2309	0
2310	0
2311	0
2312	0
2313	0
2314	0
2315	0
2316	0
2317	0
2318	0
2319	0
2320	0
2321	0
2322	0
2323	0
2324	0
2325	0
2326	0
2327	0
2328	0
2329	0
2330	0
2331	0
2332	0
2333	0
2334	0
2335	0
2336	0
2337	0
2338	0
2339	0
2340	0
2341	0
2342	0
2343	0
2344	0
2345	0
2346	0
2347	0
2348	0
2349	0
2350	0
2351	0
2352	0
2353	0
2354	0
2355	0
2356	0
2357	0
2358	0
2359	0
2360	0
2361	0
2362	0
2363	0
2364	0
2365	0
2366	0
2367	0
2368	0
2369	0
2370	0
2371	0
2372	0
2373	0
2374	0
2375	0
2376	0
2377	0
2378	0
2379	0
2380	0
2381	0
2382	0
2383	0
2384	0
2385	0
2386	0
2387	0
2388	0
2389	0
2390	0
2391	0
2392	0
2393	0
2394	0
2395	0
2396	0
2397	0
2398	0
2399	0
2400	0
2401	0
2402	0
2403	0
2404	0
2405	0
2406	0
2407	0
2408	0
2409	0
2410	0
2411	0
2412	0
2413	0
2414	0
2415	0
2416	0
2417	0
2418	0
2419	0
2420	0
2421	0
2422	0
2423	0
2424	0
2425	0
2426	0
2427	0
2428	0
2429	0
2430	0
2431	0
2432	0
2433	0
2434	0
2435	0
2436	0
2437	0
2438	0
2439	0
2440	0
2441	0
2442	0
2443	0
2444	0
2445	0
2446	0
2447	0
2448	0
2449	0
2450	0
2451	0
2452	0
2453	0
2454	0
2455	0
2456	0
2457	0
2458	0
2459	0
2460	0
2461	0
2462	0
2463	0
2464	0
2465	0
2466	0
2467	0
2468	0
2469	0
2470	0
2471	0
2472	0
2473	0
2474	0
2475	0
2476	0
2477	0
2478	0
2479	0
2480	0
2481	0
2482	0
2483	0
2484	0
2485	0
2486	0
2487	0
2488	0
2489	0
2490	0
2491	0
2492	0
2493	0
2494	0
2495	0
2496	0
2497	0
2498	0
2499	0
2500	0
2501	0
2502	0
2503	0
2504	0
2505	0
2506	0
2507	0
2508	0
2509	0
2510	0
2511	0
2512	0
2513	0
2514	0
2515	0
2516	0
2517	0
2518	0
2519	0
2520	0
2521	0
2522	0
2523	0
2524	0
2525	0
2526	0
2527	0
2528	0
2529	0
2530	0
2531	0
2532	0
2533	0
2534	0
2535	0
2536	0
2537	0
2538	0
2539	0
2540	0
2541	0
2542	0
2543	0
2544	0
2545	0
2546	0
2547	0
2548	0
2549	0
2550	0
2551	0
2552	0
2553	0
2554	0
2555	0
2556	0
2557	0
2558	0
2559	0
2560	0
2561	0
2562	0
2563	0
2564	0
2565	0
2566	0
2567	0
2568	0
2569	0
2570	0
2571	0
2572	0
2573	0
2574	0
2575	0
2576	0
2577	0
2578	0
2579	0
2580	0
2581	0
2582	0
2583	0
2584	0
2585	0
2586	3
2587	3
2588	3
2589	3
2590	0
2591	0
2592	0
2593	0
2594	0
2595	0
2596	0
2597	0
2598	0
2599	0
2600	0
2601	0
2602	0
2603	0
2604	0
2605	0
2606	0
2607	0
2608	0
2609	0
2610	0
2611	0
2612	0
2613	0
2614	0
2615	0
2616	0
2617	0
2618	0
2619	0
2620	0
2621	0
2622	0
2623	0
2624	0
2625	0
2626	0
2627	0
2628	0
2629	0
2630	0
2631	0
2632	0
2633	0
2634	0
2635	0
2636	0
2637	0
2638	0
2639	0
2640	0
2641	0
2642	0
2643	0
2644	0
2645	0
2646	0
2647	0
2648	0
2649	0
2650	0
2651	0
2652	0
2653	0
2654	0
2655	0
2656	0
2657	0
2658	0
2659	0
2660	0
2661	0
2662	0
2663	0
2664	0
2665	0
2666	0
2667	0
2668	0
2669	0
2670	0
2671	0
2672	0
2673	0
2674	0
2675	0
2676	0
2677	0
2678	0
2679	0
2680	0
2681	0
2682	0
2683	0
2684	0
2685	0
2686	0
2687	0
2688	0
2689	0
2690	0
2691	0
2692	0
2693	0
2694	0
2695	0
2696	0
2697	0
2698	0
2699	0
2700	0
2701	0
2702	0
2703	0
2704	0
2705	0
2706	0
2707	0
2708	0
2709	0
2710	0
2711	0
2712	0
2713	0
2714	0
2715	0
2716	0
2717	0
2718	0
2719	0
2720	0
2721	0
2722	0
2723	0
2724	0
2725	0
2726	0
2727	0
2728	0
2729	0
2730	0
2731	0
2732	0
2733	0
2734	0
2735	0
2736	0
2737	0
2738	0
2739	0
2740	0
2741	0
2742	0
2743	0
2744	0
2745	0
2746	0
2747	0
2748	0
2749	0
2750	0
2751	0
2752	0
2753	0
2754	0
2755	0
2756	0
2757	0
2758	0
2759	0
2760	0
2761	0
2762	0
2763	0
2764	0
2765	0
2766	0
2767	0
2768	0
2769	0
2770	0
2771	0
2772	0
2773	0
2774	0
2775	0
2776	0
2777	0
2778	0
2779	0
2780	0
2781	0
2782	0
2783	0
2784	0
2785	0
2786	0
2787	0
2788	0
2789	0
2790	0
2791	0
2792	0
2793	0
2794	0
2795	0
2796	0
2797	0
2798	0
2799	0
2800	0
2801	0
2802	0
2803	0
2804	0
2805	0
2806	0
2807	0
2808	0
2809	0
2810	0
2811	0
2812	0
2813	0
2814	0
2815	0
2816	0
2817	0
2818	0
2819	0
2820	0
2821	0
2822	0
2823	0
2824	0
2825	0
2826	0
2827	0
2828	0
2829	0
2830	0
2831	0
2832	0
2833	0
2834	0
2835	0
2836	0
2837	0
2838	0
2839	0
2840	0
2841	0
2842	0
2843	0
2844	0
2845	0
2846	0
2847	0
2848	0
2849	0
2850	0
2851	0
2852	0
2853	0
2854	0
2855	0
2856	0
2857	0
2858	0
2859	0
2860	0
2861	0
2862	0
2863	0
2864	0
2865	0
2866	0
2867	0
2868	0
2869	0
2870	0
2871	0
2872	0
2873	0
2874	0
2875	0
2876	0
2877	0
2878	0
2879	0
2880	0
2881	0
2882	0
2883	0
2884	0
2885	0
2886	0
2887	0
2888	0
2889	0
2890	0
2891	0
2892	0
2893	0
2894	0
2895	0
2896	0
2897	0
2898	0
2899	0
2900	0
2901	0
2902	0
2903	0
2904	0
2905	0
2906	0
2907	0
2908	0
2909	0
2910	0
2911	0
2912	0
2913	0
2914	0
2915	0
2916	0
2917	0
2918	0
2919	0
2920	0
2921	0
2922	0
2923	0
2924	0
2925	0
2926	0
2927	0
2928	0
2929	0
2930	0
2931	0
2932	0
2933	0
2934	0
2935	0
2936	0
2937	0
2938	0
2939	0
2940	0
2941	0
2942	0
2943	0
2944	0
2945	0
2946	0
2947	0
2948	0
2949	0
2950	0
2951	0
2952	0
2953	0
2954	0
2955	0
2956	0
2957	0
2958	0
2959	0
2960	0
2961	0
2962	0
2963	0
2964	0
2965	0
2966	0
2967	0
2968	0
2969	0
2970	0
2971	0
2972	0
2973	0
2974	0
2975	0
2976	0
2977	0
2978	0
2979	0
2980	0
2981	0
2982	0
2983	0
2984	0
2985	0
2986	0
2987	0
2988	0
2989	0
2990	0
2991	0
2992	0
2993	0
2994	0
2995	0
2996	0
2997	0
2998	0
2999	0
3000	0
3001	0
3002	0
3003	0
3004	0
3005	3
3006	3
3007	3
3008	3
3009	0
3010	1
3011	1
3012	1
3013	1
3014	2
3015	2
3016	2
3017	2
3018	2
3019	2
3020	2
3021	2
3022	2
3023	2
3024	2
3025	2
3026	2
3027	2
3028	2
3029	2
3030	2
3031	2
3032	2
3033	2
3034	2
3035	2
3036	2
3037	2
3038	2
3039	2
3040	2
3041	2
3042	2
3043	2
3044	2
3045	2
3046	2
3047	2
3048	2
3049	2
3050	2
3051	2
3052	2
3053	2
3054	2
3055	2
3056	2
3057	2
3058	2
3059	3
3060	3
3061	3
3062	3
3063	3
3064	3
3065	3
3066	3
3067	2
3068	2
3069	2
3070	2
3071	2
3072	2
3073	2
3074	2
3075	2
3076	2
3077	2
3078	2
3079	2
3080	2
3081	2
3082	2
3083	2
3084	2
3085	2
3086	2
3087	2
3088	2
3089	2
3090	2
3091	2
3092	2
3093	2
3094	2
3095	2
3096	2
3097	2
3098	2
3099	2
3100	2
3101	2
3102	2
3103	2
3104	2
3105	2
3106	2
3107	2
3108	2
3109	2
3110	2
3111	2
3112	2
3113	2
3114	2
3115	2
3116	5
3117	5
3118	5
3119	5
3120	5
3121	5
3122	5
3123	5
3124	5
3125	5
3126	5
3127	5
3128	5
3129	5
3130	5
3131	5
3132	5
3133	5
3134	5
3135	5
3136	5
3137	5
3138	5
3139	5
3140	5
3141	5
3142	5
3143	5
3144	5
3145	5
3146	5
3147	5
3148	5
3149	5
3150	5
3151	5
3152	5
3153	5
3154	5
3155	5
3156	5
3157	5
3158	5
3159	5
3160	5
3161	5
3162	5
3163	5
3164	5
3165	5
3166	5
3167	5
3168	5
3169	5
3170	5
3171	5
3172	5
3173	5
3174	5
3175	5
3176	5
3177	5
3178	5
3179	5
3180	5
3181	5
3182	5
3183	5
3184	5
3185	5
3186	5
3187	5
3188	5
3189	5
3190	5
3191	5
3192	5
3193	5
3194	5
3195	5
3196	5
3197	5
3198	5
3199	5
3200	5
3201	5
3202	5
3203	5
3204	5
3205	5
3206	5
3207	5
3208	5
3209	5
3210	5
3211	5
3212	5
3213	5
3214	5
3215	5
3216	5
3217	5
3218	5
3219	5
3220	5
3221	5
3222	5
3223	5
3224	5
3225	5
3226	5
3227	5
3228	5
3229	5
3230	5
3231	5
3232	5
3233	5
3234	5
3235	5
3236	5
3237	5
3238	5
3239	5
3240	5
3241	5
3242	5
3243	5
3244	5
3245	5
3246	5
3247	5
3248	5
3249	5
3250	5
3251	5
3252	5
3253	5
3254	5
3255	5
3256	5
3257	5
3258	5
3259	5
3260	5
3261	5
3262	5
3263	5
3264	5
3265	5
3266	5
3267	5
3268	5
3269	5
3270	5
3271	5
3272	5
3273	5
3274	5
3275	5
3276	5
3277	5
3278	5
3279	5
3280	5
3281	5
3282	5
3283	5
3284	5
3285	5
3286	5
3287	5
3288	5
3289	5
3290	5
3291	5
3292	5
3293	4
3294	5
3295	5
3296	5
3297	5
3298	5
3299	5
3300	5
3301	5
3302	5
3303	5
3304	5
3305	5
3306	5
3307	5
3308	5
3309	5
3310	5
3311	5
3312	5
3313	5
3314	5
3315	5
3316	5
3317	5
3318	5
3319	5
3320	5
3321	5
3322	5
3323	5
3324	5
3325	5
3326	5
3327	5
3328	5
3329	5
3330	5
3331	5
3332	5
3333	5
3334	5
3335	5
3336	5
3337	5
3338	5
3339	5
3340	5
3341	5
3342	5
3343	5
3344	5
3345	5
3346	5
3347	5
3348	5
3349	5
3350	5
3351	5
3352	5
3353	5
3354	5
3355	5
3356	5
3357	5
3358	5
3359	5
3360	5
3361	5
3362	5
3363	5
3364	5
3365	5
3366	5
3367	5
3368	5
3369	5
3370	5
3371	5
3372	5
3373	5
3374	5
3375	5
3376	5
3377	5
3378	5
3379	5
3380	5
3381	5
3382	5
3383	5
3384	5
3385	5
3386	5
3387	5
3388	5
3389	5
3390	5
3391	5
3392	5
3393	5
3394	5
3395	5
3396	5
3397	5
3398	4
3399	4
3400	5
3401	5
3402	5
3403	5
3404	5
3405	5
3406	5
3407	5
3408	5
3409	5
3410	5
3411	5
3412	5
3413	5
3414	5
3415	5
3416	5
3417	5
3418	5
3419	5
3420	5
3421	5
3422	5
3423	5
3424	5
3425	5
3426	5
3427	5
3428	5
3429	5
3430	5
3431	5
3432	5
3433	5
3434	5
3435	5
3436	5
3437	5
3438	5
3439	5
3440	5
3441	5
3442	5
3443	5
3444	5
3445	5
3446	5
3447	5
3448	5
3449	5
3450	5
3451	5
3452	5
3453	5
3454	5
3455	5
3456	5
3457	5
3458	5
3459	5
3460	5
3461	5
3462	5
3463	5
3464	5
3465	5
3466	5
3467	5
3468	5
3469	5
3470	5
3471	5
3472	5
3473	5
3474	5
3475	5
3476	5
3477	5
3478	5
3479	5
3480	5
3481	4
3482	5
3483	5
3484	5
3485	5
3486	5
3487	5
3488	5
3489	5
3490	4
3491	5
3492	5
3493	5
3494	5
3495	5
3496	5
3497	5
3498	4
3499	4
3500	5
3501	4
3502	5
3503	4
3504	5
3505	5
3506	5
3507	5
3508	5
3509	5
3510	4
3511	5
3512	5
3513	4
3514	4
3515	5
3516	5
3517	5
3518	5
3519	5
3520	5
3521	5
3522	5
3523	5
3524	5
3525	5
3526	5
3527	5
3528	5
3529	5
3530	5
3531	5
3532	5
3533	5
3534	5
3535	5
3536	5
3537	5
3538	5
3539	5
3540	5
3541	5
3542	5
3543	5
3544	5
3545	5
3546	5
3547	5
3548	5
3549	5
3550	5
3551	5
3552	4
3553	5
3554	4
3555	5
3556	5
3557	4
3558	5
3559	5
3560	4
3561	4
3562	5
3563	5
3564	5
3565	5
3566	5
3567	4
3568	4
3569	5
3570	4
3571	4
3572	5
3573	4
3574	5
3575	5
3576	5
3577	5
3578	5
3579	5
3580	5
3581	5
3582	4
3583	4
3584	5
3585	5
3586	5
3587	5
3588	5
3589	4
3590	5
3591	5
3592	5
3593	5
3594	5
3595	5
3596	5
3597	5
3598	5
3599	5
3600	5
3601	5
3602	5
3603	5
3604	4
3605	5
3606	5
3607	5
3608	5
3609	5
3610	5
3611	5
3612	5
3613	5
3614	5
3615	5
3616	5
3617	5
3618	5
3619	5
3620	5
3621	5
3622	5
3623	5
3624	5
3625	5
3626	5
3627	5
3628	5
3629	5
3630	5
3631	5
3632	5
3633	5
3634	5
3635	5
3636	5
3637	5
3638	5
3639	5
3640	5
3641	5
3642	5
3643	5
3644	5
3645	5
3646	5
3647	5
3648	5
3649	5
3650	5
3651	5
3652	5
3653	5
3654	5
3655	5
3656	5
3657	5
3658	5
3659	5
3660	5
3661	5
3662	5
3663	5
3664	5
3665	5
3666	5
3667	5
3668	5
3669	5
3670	5
3671	5
3672	5
3673	5
3674	5
3675	5
3676	5
3677	5
3678	5
3679	5
3680	5
3681	5
3682	5
3683	5
3684	5
3685	5
3686	5
3687	5
3688	5
3689	4
3690	5
3691	5
3692	5
3693	5
3694	5
3695	5
3696	5
3697	5
3698	5
3699	5
3700	5
3701	5
3702	5
3703	5
3704	5
3705	5
3706	5
3707	5
3708	5
3709	5
3710	5
3711	5
3712	5
3713	5
3714	5
3715	5
3716	5
3717	5
3718	5
3719	5
3720	5
3721	5
3722	5
3723	5
3724	5
3725	5
3726	5
3727	5
3728	5
3729	5
3730	5
3731	5
3732	4
3733	5
3734	5
3735	5
3736	5
3737	5
3738	5
3739	5
3740	5
3741	5
3742	5
3743	5
3744	5
3745	5
3746	5
3747	5
3748	5
3749	5
3750	5
3751	5
3752	5
3753	5
3754	5
3755	5
3756	5
3757	5
3758	5
3759	5
3760	5
3761	5
3762	5
3763	5
3764	5
3765	5
3766	5
3767	5
3768	5
3769	5
3770	5
3771	5
3772	5
3773	5
3774	5
3775	5
3776	5
3777	5
3778	5
3779	5
3780	5
3781	5
3782	5
3783	5
3784	5
3785	5
3786	5
3787	5
3788	5
3789	5
3790	5
3791	5
3792	5
3793	5
3794	4
3795	5
3796	4
3797	5
3798	4
3799	5
3800	5
3801	5
3802	5
3803	5
3804	5
3805	5
3806	5
3807	5
3808	5
3809	5
3810	5
3811	5
3812	5
3813	5
3814	5
3815	5
3816	5
3817	5
3818	5
3819	5
3820	5
3821	5
3822	5
3823	5
3824	5
3825	5
3826	5
3827	5
3828	5
3829	5
3830	5
3831	5
3832	5
3833	5
3834	5
3835	5
3836	5
3837	5
3838	5
3839	5
3840	5
3841	5
3842	5
3843	5
3844	5
3845	5
3846	5
3847	5
3848	5
3849	5
3850	5
3851	5
3852	5
3853	5
3854	5
3855	5
3856	5
3857	5
3858	5
3859	5
3860	5
3861	5
3862	5
3863	5
3864	5
3865	5
3866	5
3867	5
3868	5
3869	5
3870	5
3871	5
3872	5
3873	5
3874	5
3875	5
3876	5
3877	5
3878	5
3879	5
3880	5
3881	5
3882	5
3883	5
3884	5
3885	5
3886	5
3887	5
3888	5
3889	5
3890	5
3891	5
3892	5
3893	5
3894	5
3895	5
3896	5
3897	5
3898	5
3899	5
3900	5
3901	5
3902	5
3903	5
3904	5
3905	5
3906	5
3907	5
3908	5
3909	5
3910	5
3911	5
3912	5
3913	5
3914	5
3915	5
3916	5
3917	5
3918	5
3919	5
3920	5
3921	5
3922	5
3923	5
3924	5
3925	5
3926	5
3927	5
3928	5
3929	5
3930	5
3931	5
3932	5
3933	5
3934	5
3935	5
3936	5
3937	5
3938	5
3939	5
3940	4
3941	5
3942	5
3943	5
3944	5
3945	5
3946	5
3947	5
3948	5
3949	4
3950	5
3951	5
3952	5
3953	5
3954	5
3955	5
3956	5
3957	5
3958	5
3959	5
3960	5
3961	5
3962	5
3963	5
3964	5
3965	5
3966	5
3967	5
3968	5
3969	4
3970	5
3971	5
3972	5
3973	5
3974	5
3975	5
3976	5
3977	5
3978	5
3979	5
3980	5
3981	5
3982	5
3983	5
3984	5
3985	5
3986	5
3987	5
3988	5
3989	5
3990	5
3991	5
3992	5
3993	5
3994	5
3995	5
3996	5
3997	5
3998	5
3999	5
4000	5
4001	5
4002	5
4003	5
4004	5
4005	5
4006	5
4007	5
4008	5
4009	5
4010	5
4011	5
4012	5
4013	5
4014	5
4015	5
4016	5
4017	5
4018	5
4019	5
4020	5
4021	5
4022	5
4023	5
4024	5
4025	5
4026	5
4027	5
4028	5
4029	5
4030	5
4031	5
4032	5
4033	5
4034	5
4035	5
4036	5
4037	5
4038	5
4039	5
4040	5
4041	5
4042	5
4043	5
4044	5
4045	5
4046	5
4047	5
4048	5
4049	5
4050	5
4051	5
4052	5
4053	5
4054	5
4055	5
4056	5
4057	5
4058	5
4059	5
4060	5
4061	5
4062	5
4063	5
4064	5
4065	5
4066	5
4067	5
4068	5
4069	5
4070	5
4071	5
4072	5
4073	5
4074	5
4075	5
4076	5
4077	5
4078	5
4079	5
4080	5
4081	5
4082	5
4083	5
4084	5
4085	5
4086	5
4087	4
4088	5
4089	5
4090	5
4091	5
4092	5
4093	5
4094	5
4095	5
4096	5
4097	5
4098	5
4099	5
4100	5
4101	5
4102	5
4103	5
4104	5
4105	5
4106	5
4107	5
4108	5
4109	5
4110	5
4111	5
4112	5
4113	5
4114	5
4115	5
4116	5
4117	5
4118	5
4119	5
4120	5
4121	5
4122	5
4123	5
4124	5
4125	5
4126	5
4127	5
4128	5
4129	5
4130	5
4131	5
4132	5
4133	5
4134	5
4135	5
4136	5
4137	5
4138	5
4139	5
4140	5
4141	5
4142	5
4143	5
4144	5
4145	5
4146	5
4147	5
4148	5
4149	5
4150	5
4151	5
4152	5
4153	5
4154	5
4155	5
4156	5
4157	5
4158	5
4159	5
4160	5
4161	5
4162	5
4163	5
4164	5
4165	5
4166	5
4167	5
4168	5
4169	5
4170	5
4171	5
4172	5
4173	5
4174	5
4175	5
4176	5
4177	5
4178	5
4179	5
4180	5
4181	5
4182	5
4183	5
4184	5
4185	5
4186	5
4187	5
4188	5
4189	5
4190	5
4191	5
4192	5
4193	5
4194	5
4195	5
4196	5
4197	5
4198	5
4199	5
4200	5
4201	5
4202	5
4203	5
4204	5
4205	5
4206	5
4207	5
4208	5
4209	5
4210	5
4211	5
4212	5
4213	5
4214	5
4215	5
4216	5
4217	5
4218	5
4219	5
4220	5
4221	5
4222	5
4223	5
4224	5
4225	5
4226	5
4227	5
4228	5
4229	5
4230	5
4231	5
4232	5
4233	5
4234	5
4235	5
4236	5
4237	5
4238	5
4239	5
4240	5
4241	5
4242	5
4243	3
4244	3
4245	3
4246	3
4247	3
4248	3
4249	3
4250	2
4251	2
4252	2
4253	2
4254	2
4255	2
4256	2
4257	2
4258	2
4259	2
4260	2
4261	2
4262	2
4263	2
4264	3
4265	2
4266	3
4267	3
4268	5
4269	3
4270	3
4271	3
4272	2
4273	3
4274	3
4275	3
4276	2
4277	2
4278	2
4279	2
4280	2
4281	3
4282	3
4283	3
4284	3
4285	2
4286	3
4287	2
4288	3
4289	3
4290	3
4291	2
4292	2
4293	2
4294	2
4295	2
4296	2
4297	2
4298	2
4299	2
4300	2
4301	2
4302	2
4303	2
4304	2
4305	2
4306	3
4307	3
4308	2
4309	3
4310	2
4311	3
4312	2
4313	3
4314	2
4315	2
4316	2
4317	2
4318	2
4319	3
4320	3
4321	2
4322	2
4323	2
4324	3
4325	2
4326	3
4327	2
4328	2
4329	2
4330	2
4331	3
4332	2
4333	3
4334	3
4335	3
4336	2
4337	3
4338	2
4339	3
4340	2
4341	2
4342	2
4343	3
4344	2
4345	3
4346	2
4347	2
4348	2
4349	3
4350	2
4351	2
4352	2
4353	2
4354	3
4355	2
4356	2
4357	2
4358	3
4359	2
4360	3
4361	3
4362	2
4363	2
4364	3
4365	2
4366	3
4367	2
4368	3
4369	3
4370	2
4371	3
4372	3
4373	2
4374	3
4375	2
4376	3
4377	3
4378	2
4379	2
4380	2
4381	2
4382	2
4383	2
4384	3
4385	2
4386	2
4387	2
4388	3
4389	2
4390	3
4391	2
4392	2
4393	2
4394	2
4395	2
4396	2
4397	2
4398	2
4399	2
4400	2
4401	2
4402	2
4403	3
4404	2
4405	3
4406	2
4407	3
4408	2
4409	2
4410	2
4411	2
4412	2
4413	2
4414	2
4415	2
4416	2
4417	2
4418	2
4419	2
4420	2
4421	2
4422	2
4423	2
4424	2
4425	2
4426	3
4427	2
4428	3
4429	2
4430	2
4431	2
4432	2
4433	2
4434	3
4435	2
4436	2
4437	2
4438	2
4439	3
4440	2
4441	2
4442	2
4443	2
4444	2
4445	2
4446	2
4447	3
4448	3
4449	3
4450	3
4451	3
4452	2
4453	2
4454	3
4455	2
4456	2
4457	2
4458	2
4459	3
4460	2
4461	2
4462	2
4463	2
4464	2
4465	2
4466	2
4467	2
4468	2
4469	2
4470	2
4471	2
4472	2
4473	2
4474	2
4475	2
4476	2
4477	2
4478	2
4479	2
4480	2
4481	2
4482	2
4483	3
4484	2
4485	2
4486	2
4487	2
4488	3
4489	2
4490	2
4491	2
4492	2
4493	2
4494	2
4495	2
4496	2
4497	2
4498	2
4499	2
4500	2
4501	2
4502	2
4503	2
4504	2
4505	2
4506	2
4507	2
4508	3
4509	3
4510	3
4511	3
4512	2
4513	3
4514	2
4515	2
4516	2
4517	2
4518	2
4519	2
4520	2
4521	2
4522	2
4523	2
4524	2
4525	2
4526	2
4527	2
4528	2
4529	2
4530	2
4531	2
4532	2
4533	2
4534	2
4535	2
4536	2
4537	2
4538	2
4539	2
4540	2
4541	2
4542	2
4543	2
4544	2
4545	2
4546	2
4547	2
4548	2
4549	2
4550	2
4551	2
4552	2
4553	2
4554	2
4555	2
4556	2
4557	2
4558	2
4559	2
4560	2
4561	2
4562	2
4563	2
4564	2
4565	2
4566	2
4567	2
4568	2
4569	2
4570	2
4571	2
4572	3
4573	3
4574	3
4575	3
4576	3
4577	2
4578	3
4579	3
4580	3
4581	3
4582	2
4583	2
4584	2
4585	2
4586	2
4587	2
4588	2
4589	2
4590	2
4591	2
4592	2
4593	2
4594	2
4595	3
4596	2
4597	2
4598	2
4599	2
4600	2
4601	2
4602	2
4603	2
4604	2
4605	2
4606	2
4607	2
4608	2
4609	2
4610	2
4611	2
4612	2
4613	2
4614	2
4615	2
4616	2
4617	2
4618	2
4619	2
4620	2
4621	2
4622	2
4623	2
4624	2
4625	2
4626	2
4627	2
4628	2
4629	2
4630	2
4631	2
4632	2
4633	2
4634	2
4635	2
4636	2
4637	2
4638	2
4639	2
4640	2
4641	2
4642	2
4643	2
4644	2
4645	2
4646	2
4647	2
4648	2
4649	2
4650	2
4651	2
4652	2
4653	2
4654	2
4655	2
4656	2
4657	2
4658	2
4659	2
4660	0
4661	0
4662	0
4663	0
4664	0
4665	0
4666	0
4667	0
4668	0
4669	0
4670	0
4671	0
4672	0
4673	0
4674	0
4675	0
4676	0
4677	0
4678	0
4679	0
4680	0
4681	0
4682	0
4683	0
4684	0
4685	0
4686	0
4687	0
4688	0
4689	0
4690	0
4691	0
4692	0
4693	0
4694	0
4695	0
4696	0
4697	0
4698	0
4699	0
4700	0
4701	0
4702	0
4703	0
4704	0
4705	0
4706	0
4707	0
4708	0
4709	0
4710	0
4711	0
4712	0
4713	0
4714	0
4715	0
4716	0
4717	0
4718	0
4719	0
4720	0
4721	0
4722	0
4723	0
4724	0
4725	0
4726	0
4727	0
4728	0
4729	0
4730	0
4731	0
4732	0
4733	0
4734	0
4735	0
4736	0
4737	0
4738	0
4739	0
4740	0
4741	0
4742	3
4743	3
4744	3
4745	0
4746	0
4747	0
4748	0
4749	0
4750	0
4751	0
4752	0
4753	0
4754	0
4755	0
4756	0
4757	0
4758	0
4759	0
4760	0
4761	0
4762	0
4763	0
4764	0
4765	0
4766	0
4767	0
4768	0
4769	0
4770	0
4771	0
4772	0
4773	0
4774	0
4775	0
4776	0
4777	0
4778	0
4779	0
4780	0
4781	0
4782	0
4783	0
4784	0
4785	0
4786	0
4787	0
4788	0
4789	0
4790	0
4791	0
4792	0
4793	0
4794	0
4795	0
4796	0
4797	0
4798	0
4799	0
4800	0
4801	0
4802	0
4803	0
4804	0
4805	0
4806	0
4807	0
4808	0
4809	0
4810	0
4811	0
4812	0
4813	0
4814	0
4815	0
4816	0
4817	0
4818	0
4819	0
4820	0
4821	0
4822	0
4823	0
4824	0
4825	0
4826	0
4827	0
4828	0
4829	0
4830	0
4831	0
4832	0
4833	0
4834	0
4835	0
4836	0
4837	0
4838	0
4839	0
4840	0
4841	0
4842	0
4843	0
4844	0
4845	0
4846	0
4847	0
4848	0
4849	0
4850	0
4851	0
4852	0
4853	0
4854	0
4855	0
4856	0
4857	0
4858	0
4859	0
4860	0
4861	0
4862	0
4863	0
4864	0
4865	0
4866	0
4867	0
4868	0
4869	0
4870	0
4871	0
4872	0
4873	0
4874	0
4875	0
4876	0
4877	0
4878	0
4879	0
4880	0
4881	0
4882	0
4883	0
4884	0
4885	0
4886	0
4887	0
4888	0
4889	0
4890	0
4891	0
4892	0
4893	0
4894	0
4895	0
4896	0
4897	0
4898	0
4899	0
4900	0
4901	0
4902	0
4903	0
4904	0
4905	0
4906	0
4907	0
4908	0
4909	0
4910	0
4911	0
4912	0
4913	0
4914	0
4915	0
4916	0
4917	0
4918	0
4919	0
4920	0
4921	0
4922	0
4923	0
4924	0
4925	0
4926	0
4927	0
4928	0
4929	0
4930	0
4931	0
4932	0
4933	0
4934	0
4935	0
4936	0
4937	0
4938	0
4939	0
4940	0
4941	0
4942	0
4943	0
4944	0
4945	0
4946	0
4947	0
4948	0
4949	0
4950	0
4951	0
4952	0
4953	0
4954	0
4955	0
4956	0
4957	0
4958	0
4959	0
4960	0
4961	0
4962	0
4963	0
4964	0
4965	0
4966	0
4967	0
4968	0
4969	0
4970	0
4971	0
4972	0
4973	0
4974	0
4975	0
4976	0
4977	0
4978	0
4979	0
4980	0
4981	0
4982	0
4983	0
4984	0
4985	0
4986	0
4987	0
4988	0
4989	0
4990	0
4991	0
4992	0
4993	0
4994	0
4995	0
4996	0
4997	0
4998	0
4999	0
5000	0
5001	0
5002	0
5003	0
5004	0
5005	0
5006	0
5007	0
5008	0
5009	0
5010	0
5011	0
5012	0
5013	0
5014	0
5015	0
5016	0
5017	0
5018	0
5019	0
5020	0
5021	0
5022	0
5023	0
5024	0
5025	0
5026	0
5027	0
5028	0
5029	0
5030	0
5031	0
5032	0
5033	0
5034	0
5035	0
5036	0
5037	0
5038	0
5039	0
5040	0
5041	0
5042	0
5043	0
5044	0
5045	0
5046	0
5047	0
5048	0
5049	0
5050	0
5051	0
5052	0
5053	0
5054	0
5055	0
5056	0
5057	0
5058	0
5059	0
5060	0
5061	0
5062	0
5063	0
5064	0
5065	0
5066	0
5067	0
5068	0
5069	0
5070	0
5071	0
5072	0
5073	0
5074	0
5075	0
5076	0
5077	0
5078	0
5079	0
5080	0
5081	0
5082	0
5083	0
5084	0
5085	0
5086	0
5087	0
5088	0
5089	0
5090	0
5091	0
5092	0
5093	0
5094	0
5095	0
5096	0
5097	0
5098	0
5099	0
5100	0
5101	0
5102	0
5103	0
5104	0
5105	0
5106	0
5107	0
5108	0
5109	0
5110	0
5111	0
5112	0
5113	0
5114	0
5115	0
5116	0
5117	0
5118	0
5119	0
5120	0
5121	0
5122	0
5123	0
5124	0
5125	0
5126	0
5127	0
5128	0
5129	0
5130	0
5131	0
5132	0
5133	0
5134	0
5135	0
5136	0
5137	0
5138	0
5139	0
5140	0
5141	0
5142	0
5143	0
5144	0
5145	0
5146	0
5147	0
5148	0
5149	0
5150	0
5151	0
5152	0
5153	0
5154	0
5155	0
5156	0
5157	0
5158	0
5159	0
5160	0
5161	0
5162	0
5163	0
5164	0
5165	0
5166	0
5167	0
5168	0
5169	0
5170	0
5171	0
5172	0
5173	0
5174	0
5175	0
5176	0
5177	0
5178	0
5179	0
5180	0
5181	0
5182	0
5183	0
5184	0
5185	0
5186	0
5187	0
5188	0
5189	0
5190	0
5191	0
5192	0
5193	0
5194	0
5195	0
5196	0
5197	0
5198	0
5199	0
5200	0
5201	0
5202	0
5203	0
5204	0
5205	0
5206	0
5207	0
5208	0
5209	0
5210	0
5211	0
5212	0
5213	0
5214	0
5215	0
5216	0
5217	0
5218	0
5219	0
5220	0
5221	0
5222	0
5223	0
5224	0
5225	0
5226	0
5227	0
5228	0
5229	0
5230	0
5231	0
5232	0
5233	0
5234	0
5235	0
5236	0
5237	0
5238	0
5239	0
5240	0
5241	0
5242	0
5243	0
5244	0
5245	0
5246	0
5247	0
5248	0
5249	0
5250	0
5251	0
5252	0
5253	0
5254	0
5255	0
5256	0
5257	0
5258	0
5259	0
5260	0
5261	0
5262	0
5263	0
5264	0
5265	0
5266	0
5267	0
5268	0
5269	0
5270	0
5271	0
5272	0
5273	0
5274	0
5275	0
5276	0
5277	0
5278	0
5279	0
5280	0
5281	0
5282	0
5283	0
5284	0
5285	0
5286	0
5287	0
5288	0
5289	0
5290	0
5291	0
5292	0
5293	0
5294	0
5295	0
5296	0
5297	0
5298	0
5299	0
5300	0
5301	0
5302	0
5303	0
5304	0
5305	0
5306	0
5307	0
5308	0
5309	0
5310	0
5311	0
5312	0
5313	0
5314	0
5315	0
5316	0
5317	0
5318	0
5319	0
5320	0
5321	0
5322	0
5323	0
5324	0
5325	0
5326	0
5327	0
5328	0
5329	0
5330	0
5331	0
5332	0
5333	0
5334	0
5335	0
5336	0
5337	0
5338	0
5339	0
5340	0
5341	0
5342	0
5343	0
5344	0
5345	0
5346	0
5347	0
5348	0
5349	0
5350	0
5351	0
5352	0
5353	0
5354	0
5355	0
5356	0
5357	0
5358	0
5359	0
5360	0
5361	0
5362	0
5363	0
5364	0
5365	0
5366	0
5367	0
5368	0
5369	0
5370	0
5371	0
5372	0
5373	0
5374	0
5375	0
5376	0
5377	0
5378	0
5379	0
5380	0
5381	0
5382	0
5383	0
5384	0
5385	0
5386	0
5387	0
5388	0
5389	0
5390	0
5391	0
5392	0
5393	0
5394	0
5395	0
5396	0
5397	0
5398	0
5399	0
5400	0
5401	0
5402	0
5403	0
5404	0
5405	0
5406	0
5407	0
5408	0
5409	0
5410	0
5411	0
5412	0
5413	0
5414	0
5415	0
5416	0
5417	0
5418	0
5419	0
5420	0
5421	0
5422	0
5423	0
5424	0
5425	0
5426	0
5427	0
5428	0
5429	0
5430	0
5431	0
5432	0
5433	0
5434	0
5435	0
5436	0
5437	0
5438	0
5439	0
5440	0
5441	0
5442	0
5443	0
5444	0
5445	0
5446	0
5447	0
5448	0
5449	0
5450	0
5451	0
5452	0
5453	0
5454	0
5455	0
5456	0
5457	0
5458	0
5459	0
5460	0
5461	0
5462	0
5463	0
5464	0
5465	0
5466	0
5467	0
5468	0
5469	0
5470	0
5471	0
5472	0
5473	0
5474	0
5475	0
5476	0
5477	0
5478	0
5479	0
5480	0
5481	0
5482	0
5483	0
5484	0
5485	0
5486	0
5487	0
5488	0
5489	0
5490	0
5491	0
5492	0
5493	0
5494	0
5495	0
5496	0
5497	0
5498	0
5499	0
5500	0
5501	0
5502	0
5503	0
5504	0
5505	0
5506	0
5507	0
5508	0
5509	0
5510	0
5511	0
5512	0
5513	0
5514	0
5515	0
5516	0
5517	0
5518	0
5519	0
5520	0
5521	0
5522	0
5523	0
5524	0
5525	0
5526	0
5527	0
5528	0
5529	0
5530	0
5531	0
5532	0
5533	0
5534	0
5535	0
5536	0
5537	0
5538	0
5539	0
5540	0
5541	0
5542	0
5543	0
5544	0
5545	0
5546	0
5547	0
5548	0
5549	0
5550	0
5551	0
5552	0
5553	0
5554	0
5555	0
5556	0
5557	0
5558	0
5559	0
5560	0
5561	0
5562	0
5563	0
5564	0
5565	0
5566	0
5567	0
5568	0
5569	0
5570	0
5571	0
5572	0
5573	0
5574	0
5575	0
5576	0
5577	0
5578	0
5579	0
5580	0
5581	0
5582	0
5583	0
5584	0
5585	0
5586	0
5587	0
5588	0
5589	0
5590	0
5591	0
5592	0
5593	0
5594	0
5595	0
5596	0
5597	0
5598	0
5599	0
5600	0
5601	0
5602	0
5603	0
5604	0
5605	0
5606	0
5607	0
5608	0
5609	0
5610	0
5611	0
5612	0
5613	0
5614	0
5615	0
5616	0
5617	0
5618	0
5619	0
5620	0
5621	0
5622	0
5623	0
5624	0
5625	0
5626	0
5627	0
5628	0
5629	0
5630	0
5631	0
5632	0
5633	0
5634	0
5635	0
5636	0
5637	0
5638	0
5639	0
5640	0
5641	0
5642	0
5643	0
5644	0
5645	0
5646	0
5647	0
5648	0
5649	0
5650	0
5651	0
5652	0
5653	0
5654	0
5655	0
5656	0
5657	0
5658	0
5659	0
5660	0
5661	0
5662	0
5663	0
5664	0
5665	0
5666	0
5667	0
5668	0
5669	0
5670	0
5671	0
5672	0
5673	0
5674	0
5675	0
5676	0
5677	0
5678	0
5679	0
5680	0
5681	0
5682	0
5683	0
5684	0
5685	0
5686	0
5687	0
5688	0
5689	0
5690	0
5691	0
5692	0
5693	0
5694	0
5695	0
5696	0
5697	0
5698	0
5699	0
5700	0
5701	0
5702	0
5703	0
5704	0
5705	0
5706	0
5707	0
5708	0
5709	0
5710	0
5711	0
5712	0
5713	0
5714	0
5715	0
5716	0
5717	0
5718	0
5719	0
5720	0
5721	0
5722	0
5723	0
5724	0
5725	0
5726	0
5727	0
5728	0
5729	0
5730	0
5731	0
5732	0
5733	0
5734	0
5735	0
5736	0
5737	0
5738	0
5739	0
5740	0
5741	0
5742	0
5743	0
5744	0
5745	0
5746	0
5747	0
5748	0
5749	0
5750	0
5751	0
5752	0
5753	0
5754	0
5755	0
5756	0
5757	0
5758	0
5759	0
5760	0
5761	0
5762	0
5763	0
5764	0
5765	0
5766	0
5767	0
5768	0
5769	0
5770	0
5771	0
5772	0
5773	0
5774	0
5775	0
5776	0
5777	0
5778	0
5779	0
5780	0
5781	0
5782	0
5783	0
5784	0
5785	0
5786	0
5787	0
5788	0
5789	0
5790	0
5791	0
5792	0
5793	0
5794	0
5795	0
5796	0
5797	0
5798	0
5799	0
5800	0
5801	0
5802	0
5803	0
5804	0
5805	0
5806	0
5807	0
5808	0
5809	0
5810	0
5811	0
5812	0
5813	0
5814	0
5815	0
5816	0
5817	0
5818	0
5819	0
5820	0
5821	0
5822	0
5823	0
5824	0
5825	0
5826	0
5827	0
5828	0
5829	0
5830	0
5831	0
5832	0
5833	0
5834	0
5835	0
5836	0
5837	0
5838	0
5839	0
5840	0
5841	0
5842	0
5843	0
5844	0
5845	0
5846	0
5847	0
5848	0
5849	0
5850	0
5851	0
5852	0
5853	0
5854	0
5855	0
5856	0
5857	0
5858	0
5859	0
5860	0
5861	0
5862	0
5863	0
5864	0
5865	0
5866	0
5867	0
5868	0
5869	0
5870	0
5871	0
5872	0
5873	0
5874	0
5875	0
5876	0
5877	0
5878	0
5879	0
5880	0
5881	0
5882	0
5883	0
5884	0
5885	0
5886	0
5887	0
5888	0
5889	0
5890	0
5891	0
5892	0
5893	0
5894	0
5895	0
5896	0
5897	0
5898	0
5899	0
5900	0
5901	0
5902	0
5903	0
5904	0
5905	0
5906	0
5907	0
5908	0
5909	0
5910	0
5911	0
5912	0
5913	0
5914	0
5915	0
5916	0
5917	0
5918	0
5919	0
5920	0
5921	0
5922	0
5923	0
5924	0
5925	0
5926	0
5927	0
5928	0
5929	0
5930	0
5931	0
5932	0
5933	0
5934	0
5935	0
5936	0
5937	0
5938	0
5939	0
5940	0
5941	0
5942	0
5943	0
5944	0
5945	0
5946	0
5947	0
5948	0
5949	0
5950	0
5951	0
5952	0
5953	0
5954	0
5955	0
5956	0
5957	0
5958	0
5959	0
5960	0
5961	0
5962	0
5963	0
5964	0
5965	0
5966	0
5967	0
5968	0
5969	0
5970	0
5971	0
5972	0
5973	0
5974	0
5975	0
5976	0
5977	0
5978	0
5979	0
5980	0
5981	0
5982	0
5983	0
5984	0
5985	0
5986	0
5987	0
5988	0
5989	0
5990	0
5991	0
5992	0
5993	0
5994	0
5995	0
5996	0
5997	0
5998	0
5999	0
6000	0
6001	0
6002	0
6003	0
6004	0
6005	0
6006	0
6007	0
6008	0
6009	0
6010	0
6011	0
6012	0
6013	0
6014	0
6015	0
6016	0
6017	0
6018	0
6019	0
6020	0
6021	0
6022	0
6023	0
6024	0
6025	0
6026	0
6027	0
6028	0
6029	0
6030	0
6031	0
6032	0
6033	0
6034	0
6035	0
6036	0
6037	0
6038	0
6039	0
6040	0
6041	0
6042	0
6043	0
6044	0
6045	0
6046	0
6047	0
6048	0
6049	0
6050	0
6051	0
6052	0
6053	0
6054	0
6055	0
6056	0
6057	0
6058	0
6059	0
6060	0
6061	0
6062	0
6063	0
6064	0
6065	0
6066	0
6067	0
6068	0
6069	0
6070	0
6071	0
6072	0
6073	0
6074	0
6075	0
6076	0
6077	0
6078	0
6079	0
6080	0
6081	0
6082	0
6083	0
6084	0
6085	0
6086	0
6087	0
6088	0
6089	0
6090	0
6091	0
6092	0
6093	0
6094	0
6095	0
6096	0
6097	0
6098	0
6099	0
6100	0
6101	0
6102	0
6103	0
6104	0
6105	0
6106	0
6107	0
6108	0
6109	0
6110	0
6111	0
6112	0
6113	0
6114	0
6115	0
6116	0
6117	0
6118	0
6119	0
6120	0
6121	0
6122	0
6123	0
6124	0
6125	0
6126	0
6127	0
6128	0
6129	0
6130	0
6131	0
6132	0
6133	0
6134	0
6135	0
6136	0
6137	0
6138	0
6139	0
6140	0
6141	0
6142	0
6143	0
6144	0
6145	0
6146	0
6147	0
6148	0
6149	0
6150	0
6151	0
6152	0
6153	0
6154	0
6155	0
6156	0
6157	0
6158	0
6159	0
6160	0
6161	0
6162	0
6163	0
6164	0
6165	0
6166	0
6167	0
6168	0
6169	0
6170	0
6171	0
6172	0
6173	0
6174	0
6175	0
6176	0
6177	0
6178	0
6179	0
6180	0
6181	0
6182	0
6183	0
6184	0
6185	0
6186	0
6187	0
6188	0
6189	0
6190	0
6191	0
6192	0
6193	0
6194	0
6195	0
6196	0
6197	0
6198	0
6199	0
6200	0
6201	0
6202	0
6203	0
6204	0
6205	0
6206	0
6207	0
6208	0
6209	0
6210	0
6211	0
6212	0
6213	0
6214	0
6215	0
6216	0
6217	0
6218	0
6219	0
6220	0
6221	0
6222	0
6223	0
6224	0
6225	0
6226	0
6227	0
6228	0
6229	0
6230	0
6231	0
6232	0
6233	0
6234	0
6235	0
6236	0
6237	0
6238	0
6239	0
6240	0
6241	0
6242	0
6243	0
6244	0
6245	0
6246	0
6247	0
6248	0
6249	0
6250	0
6251	0
6252	0
6253	0
6254	0
6255	0
6256	0
6257	0
6258	0
6259	0
6260	0
6261	0
6262	0
6263	0
6264	0
6265	0
6266	0
6267	0
6268	0
6269	0
6270	0
6271	0
6272	0
6273	0
6274	0
6275	0
6276	0
6277	0
6278	0
6279	0
6280	0
6281	0
6282	0
6283	0
6284	0
6285	0
6286	0
6287	0
6288	0
6289	0
6290	0
6291	0
6292	0
6293	0
6294	0
6295	0
6296	0
6297	0
6298	0
6299	0
6300	0
6301	0
6302	0
6303	0
6304	0
6305	0
6306	0
6307	0
6308	0
6309	0
6310	0
6311	0
6312	0
6313	0
6314	0
6315	0
6316	0
6317	0
6318	0
6319	0
6320	0
6321	0
6322	0
6323	0
6324	0
6325	0
6326	0
6327	0
6328	0
6329	0
6330	0
6331	0
6332	0
6333	0
6334	0
6335	0
6336	0
6337	0
6338	0
6339	0
6340	0
6341	0
6342	0
6343	0
6344	0
6345	0
6346	0
6347	0
6348	0
6349	0
6350	0
6351	0
6352	0
6353	0
6354	0
6355	0
6356	0
6357	0
6358	0
6359	0
6360	0
6361	0
6362	0
6363	0
6364	0
6365	0
6366	0
6367	0
6368	0
6369	0
6370	0
6371	0
6372	0
6373	0
6374	0
6375	0
6376	0
6377	0
6378	0
6379	0
6380	0
6381	0
6382	0
6383	0
6384	0
6385	0
6386	0
6387	0
6388	0
6389	0
6390	0
6391	0
6392	0
6393	0
6394	0
6395	0
6396	0
6397	0
6398	0
6399	0
6400	0
6401	0
6402	0
6403	0
6404	0
6405	0
6406	0
6407	0
6408	0
6409	0
6410	0
6411	0
6412	0
6413	0
6414	0
6415	0
6416	0
6417	0
6418	0
6419	0
6420	0
6421	0
6422	0
6423	0
6424	0
6425	0
6426	0
6427	0
6428	0
6429	0
6430	0
6431	0
6432	0
6433	0
6434	0
6435	0
6436	0
6437	0
6438	0
6439	0
6440	0
6441	0
6442	0
6443	0
6444	0
6445	0
6446	0
6447	0
6448	0
6449	0
6450	0
6451	0
6452	0
6453	0
6454	0
6455	0
6456	0
6457	0
6458	0
6459	0
6460	0
6461	0
6462	0
6463	0
6464	0
6465	0
6466	0
6467	0
6468	0
6469	0
6470	0
6471	0
6472	0
6473	0
6474	0
6475	0
6476	0
6477	0
6478	0
6479	0
6480	0
6481	0
6482	0
6483	0
6484	0
6485	0
6486	0
6487	0
6488	0
6489	0
6490	0
6491	0
6492	0
6493	0
6494	0
6495	0
6496	0
6497	0
6498	0
6499	0
6500	0
6501	0
6502	0
6503	0
6504	0
6505	0
6506	0
6507	0
6508	0
6509	0
6510	0
6511	0
6512	0
6513	0
6514	0
6515	0
6516	0
6517	0
6518	0
6519	0
6520	0
6521	0
6522	0
6523	0
6524	0
6525	0
6526	0
6527	0
6528	0
6529	0
6530	0
6531	0
6532	0
6533	0
6534	0
6535	0
6536	0
6537	0
6538	0
6539	0
6540	0
6541	0
6542	0
6543	0
6544	0
6545	0
6546	0
6547	0
6548	0
6549	0
6550	0
6551	0
6552	0
6553	0
6554	0
6555	0
6556	0
6557	0
6558	0
6559	0
6560	0
6561	0
6562	0
6563	0
6564	0
6565	0
6566	0
6567	0
6568	0
6569	0
6570	0
6571	0
6572	0
6573	0
6574	0
6575	0
6576	0
6577	0
6578	0
6579	0
6580	0
6581	0
6582	0
6583	0
6584	0
6585	0
6586	0
6587	0
6588	0
6589	0
6590	0
6591	0
6592	0
6593	0
6594	0
6595	0
6596	0
6597	0
6598	0
6599	0
6600	0
6601	0
6602	0
6603	0
6604	0
6605	0
6606	0
6607	0
6608	0
6609	0
6610	0
6611	0
6612	0
6613	0
6614	0
6615	0
6616	0
6617	0
6618	0
6619	0
6620	0
6621	0
6622	0
6623	0
6624	0
6625	0
6626	0
6627	0
6628	0
6629	0
6630	0
6631	0
6632	0
6633	0
6634	0
6635	0
6636	0
6637	0
6638	0
6639	0
6640	0
6641	0
6642	0
6643	0
6644	0
6645	0
6646	0
6647	0
6648	0
6649	0
6650	0
6651	0
6652	0
6653	0
6654	0
6655	0
6656	0
6657	0
6658	0
6659	0
6660	0
6661	0
6662	0
6663	0
6664	0
6665	0
6666	0
6667	0
6668	0
6669	0
6670	0
6671	0
6672	0
6673	0
6674	0
6675	0
6676	0
6677	0
6678	0
6679	0
6680	0
6681	0
6682	0
6683	0
6684	0
6685	0
6686	0
6687	0
6688	0
6689	0
6690	0
6691	0
6692	0
6693	0
6694	0
6695	0
6696	0
6697	0
6698	0
6699	0
6700	0
6701	0
6702	0
6703	0
6704	0
6705	0
6706	0
6707	0
6708	0
6709	0
6710	0
6711	0
6712	0
6713	0
6714	0
6715	0
6716	0
6717	0
6718	0
6719	0
6720	0
6721	0
6722	0
6723	0
6724	0
6725	0
6726	0
6727	0
6728	0
6729	0
6730	0
6731	0
6732	0
6733	0
6734	0
6735	0
6736	0
6737	0
6738	0
6739	0
6740	0
6741	0
6742	0
6743	0
6744	0
6745	0
6746	0
6747	0
6748	0
6749	0
6750	0
6751	0
6752	0
6753	0
6754	0
6755	0
6756	0
6757	0
6758	0
6759	0
6760	0
6761	0
6762	0
6763	0
6764	0
6765	0
6766	0
6767	0
6768	0
6769	0
6770	0
6771	0
6772	0
6773	0
6774	0
6775	0
6776	0
6777	0
6778	0
6779	0
6780	0
6781	0
6782	0
6783	0
6784	0
6785	0
6786	0
6787	0
6788	0
6789	0
6790	0
6791	0
6792	0
6793	0
6794	0
6795	0
6796	0
6797	0
6798	0
6799	0
6800	0
6801	0
6802	0
6803	0
6804	0
6805	0
6806	0
6807	0
6808	0
6809	0
6810	0
6811	0
6812	0
6813	0
6814	0
6815	0
6816	0
6817	0
6818	0
6819	0
6820	0
6821	0
6822	0
6823	0
6824	0
6825	0
6826	0
6827	0
6828	0
6829	0
6830	0
6831	0
6832	0
6833	0
6834	0
6835	0
6836	0
6837	0
6838	0
6839	0
6840	0
6841	0
6842	0
6843	0
6844	0
6845	0
6846	0
6847	0
6848	0
6849	0
6850	0
6851	0
6852	0
6853	0
6854	0
6855	0
6856	0
6857	0
6858	0
6859	0
6860	0
6861	0
6862	0
6863	0
6864	0
6865	0
6866	0
6867	0
6868	0
6869	0
6870	0
6871	0
6872	0
6873	0
6874	0
6875	0
6876	0
6877	0
6878	0
6879	0
6880	0
6881	0
6882	0
6883	0
6884	0
6885	0
6886	0
6887	0
6888	0
6889	0
6890	0
6891	0
6892	0
6893	0
6894	0
6895	0
6896	0
6897	0
6898	0
6899	0
6900	0
6901	0
6902	0
6903	0
6904	0
6905	0
6906	0
6907	0
6908	0
6909	0
6910	0
6911	0
6912	0
6913	0
6914	0
6915	0
6916	0
6917	0
6918	0
6919	0
6920	0
6921	0
6922	0
6923	0
6924	0
6925	0
6926	0
6927	0
6928	0
6929	0
6930	0
6931	0
6932	0
6933	0
6934	0
6935	0
6936	0
6937	0
6938	0
6939	0
6940	0
6941	0
6942	0
6943	0
6944	0
6945	0
6946	0
6947	0
6948	0
6949	0
6950	0
6951	0
6952	0
6953	0
6954	0
6955	0
6956	0
6957	0
6958	0
6959	0
6960	0
6961	0
6962	0
6963	0
6964	0
6965	0
6966	0
6967	0
6968	0
6969	0
6970	0
6971	0
6972	0
6973	0
6974	0
6975	0
6976	0
6977	0
6978	0
6979	0
6980	0
6981	0
6982	0
6983	0
6984	0
6985	0
6986	0
6987	0
6988	0
6989	0
6990	0
6991	0
6992	0
6993	0
6994	0
6995	0
6996	0
6997	0
6998	0
6999	0
7000	0
7001	0
7002	0
7003	0
7004	0
7005	0
7006	0
7007	0
7008	0
7009	0
7010	0
7011	0
7012	0
7013	0
7014	0
7015	0
7016	0
7017	0
7018	0
7019	0
7020	0
7021	0
7022	0
7023	0
7024	0
7025	0
7026	0
7027	0
7028	0
7029	0
7030	0
7031	0
7032	0
7033	0
7034	0
7035	0
7036	0
7037	0
7038	0
7039	0
7040	0
7041	0
7042	0
7043	0
7044	0
7045	0
7046	0
7047	0
7048	0
7049	0
7050	0
7051	0
7052	0
7053	0
7054	0
7055	0
7056	0
7057	0
7058	0
7059	0
7060	0
7061	0
7062	0
7063	0
7064	0
7065	0
7066	0
7067	0
7068	0
7069	0
7070	0
7071	0
7072	0
7073	0
7074	0
7075	0
7076	0
7077	0
7078	0
7079	0
7080	0
7081	0
7082	0
7083	0
7084	0
7085	0
7086	0
7087	0
7088	0
7089	0
7090	0
7091	0
7092	0
7093	0
7094	0
7095	0
7096	0
7097	0
7098	0
7099	0
7100	0
7101	0
7102	0
7103	0
7104	0
7105	0
7106	0
7107	0
7108	0
7109	0
7110	0
7111	0
7112	0
7113	0
7114	0
7115	0
7116	0
7117	0
7118	0
7119	0
7120	0
7121	0
7122	0
7123	0
7124	0
7125	0
7126	0
7127	0
7128	0
7129	0
7130	0
7131	0
7132	0
7133	0
7134	0
7135	0
7136	0
7137	0
7138	0
7139	0
7140	0
7141	0
7142	0
7143	0
7144	0
7145	0
7146	0
7147	0
7148	0
7149	0
7150	0
7151	0
7152	0
7153	0
7154	0
7155	0
7156	0
7157	0
7158	0
7159	0
7160	0
7161	0
7162	0
7163	0
7164	0
7165	0
7166	0
7167	0
7168	0
7169	0
7170	0
7171	0
7172	0
7173	0
7174	0
7175	0
7176	0
7177	0
7178	0
7179	0
7180	0
7181	0
7182	0
7183	0
7184	0
7185	0
7186	0
7187	0
7188	0
7189	0
7190	0
7191	0
7192	0
7193	0
7194	0
7195	0
7196	0
7197	0
7198	0
7199	0
7200	0
7201	0
7202	0
7203	0
7204	0
7205	0
7206	0
7207	0
7208	0
7209	0
7210	0
7211	0
7212	0
7213	0
7214	0
7215	0
7216	0
7217	0
7218	0
7219	0
7220	0
7221	0
7222	0
7223	0
7224	0
7225	0
7226	0
7227	0
7228	0
7229	0
7230	0
7231	0
7232	0
7233	0
7234	0
7235	0
7236	0
7237	0
7238	0
7239	0
7240	0
7241	0
7242	0
7243	0
7244	0
7245	0
7246	0
7247	0
7248	0
7249	0
7250	0
7251	0
7252	0
7253	0
7254	0
7255	0
7256	0
7257	0
7258	0
7259	0
7260	0
7261	0
7262	0
7263	0
7264	0
7265	0
7266	0
7267	0
7268	0
7269	0
7270	0
7271	0
7272	0
7273	0
7274	0
7275	0
7276	0
7277	0
7278	0
7279	0
7280	0
7281	0
7282	0
7283	0
7284	0
7285	0
7286	0
7287	0
7288	0
7289	0
7290	0
7291	0
7292	0
7293	0
7294	0
7295	0
7296	0
7297	0
7298	0
7299	0
7300	0
7301	0
7302	0
7303	0
7304	0
7305	0
7306	0
7307	0
7308	0
7309	0
7310	0
7311	0
7312	0
7313	0
7314	0
7315	0
7316	0
7317	0
7318	0
7319	0
7320	0
7321	0
7322	0
7323	0
7324	0
7325	0
7326	0
7327	0
7328	0
7329	0
7330	0
7331	0
7332	0
7333	0
7334	0
7335	0
7336	0
7337	0
7338	0
7339	0
7340	0
7341	0
7342	0
7343	0
7344	0
7345	0
7346	0
7347	0
7348	0
7349	0
7350	0
7351	0
7352	0
7353	0
7354	0
7355	0
7356	0
7357	0
7358	0
7359	0
7360	0
7361	0
7362	0
7363	0
7364	0
7365	0
7366	0
7367	0
7368	0
7369	0
7370	0
7371	0
7372	0
7373	0
7374	0
7375	0
7376	0
7377	0
7378	0
7379	0
7380	0
7381	0
7382	0
7383	0
7384	0
7385	0
7386	0
7387	0
7388	0
7389	0
7390	0
7391	0
7392	0
7393	0
7394	0
7395	0
7396	0
7397	0
7398	0
7399	0
7400	0
7401	0
7402	0
7403	0
7404	0
7405	0
7406	0
7407	0
7408	0
7409	0
7410	0
7411	0
7412	0
7413	0
7414	0
7415	0
7416	0
7417	0
7418	0
7419	0
7420	0
7421	0
7422	0
7423	0
7424	0
7425	0
7426	0
7427	0
7428	0
7429	0
7430	0
7431	0
7432	0
7433	0
7434	0
7435	0
7436	0
7437	0
7438	0
7439	0
7440	0
7441	0
7442	0
7443	0
7444	0
7445	1
7446	1
7447	1
7448	1
7449	2
7450	2
7451	2
7452	2
7453	2
7454	2
7455	2
7456	2
7457	2
7458	2
7459	2
7460	2
7461	2
7462	3
7463	3
7464	3
7465	3
7466	3
7467	3
7468	3
7469	3
7470	3
7471	3
7472	3
7473	3
7474	3
7475	3
7476	3
7477	3
7478	3
7479	3
7480	3
7481	3
7482	3
7483	3
7484	3
7485	3
7486	3
7487	3
7488	3
7489	3
7490	3
7491	3
7492	3
7493	3
7494	3
7495	3
7496	3
7497	3
7498	3
7499	3
7500	3
7501	3
7502	3
7503	3
7504	3
7505	3
7506	3
7507	3
7508	3
7509	3
7510	3
7511	3
7512	3
7513	3
7514	3
7515	3
7516	3
7517	3
7518	3
7519	3
7520	3
7521	3
7522	3
7523	3
7524	3
7525	3
7526	3
7527	3
7528	3
7529	3
7530	3
7531	3
7532	3
7533	3
7534	3
7535	3
7536	3
7537	3
7538	3
7539	3
7540	3
7541	3
7542	3
7543	3
7544	3
7545	3
7546	3
7547	3
7548	3
7549	3
7550	3
7551	4
7552	3
7553	4
7554	4
7555	4
7556	4
7557	4
7558	4
7559	4
7560	4
7561	4
7562	4
7563	4
7564	4
7565	4
7566	4
7567	4
7568	4
7569	4
7570	4
7571	4
7572	4
7573	4
7574	4
7575	4
7576	4
7577	4
7578	4
7579	4
7580	4
7581	4
7582	4
7583	4
7584	4
7585	4
7586	4
7587	4
7588	5
7589	5
7590	5
7591	5
7592	5
7593	5
7594	5
7595	5
7596	5
7597	5
7598	5
7599	5
7600	5
7601	5
7602	3
7603	3
7604	3
7605	3
7606	2
7607	2
7608	3
7609	3
7610	3
7611	3
7612	3
7613	3
7614	3
7615	3
7616	3
7617	3
7618	3
7619	3
7620	3
7621	3
7622	3
7623	3
7624	3
7625	3
7626	3
7627	3
7628	3
7629	4
7630	3
7631	3
7632	4
7633	4
7634	4
7635	4
7636	4
7637	4
7638	4
7639	4
7640	5
7641	5
7642	5
7643	5
7644	5
7645	5
7646	5
7647	5
7648	5
7649	5
7650	5
7651	5
7652	5
7653	5
7654	5
7655	5
7656	5
7657	5
7658	5
7659	5
7660	5
7661	5
7662	5
7663	6
7664	6
7665	6
7666	6
7667	6
7668	6
7669	6
7670	6
7671	6
7672	6
7673	6
7674	7
7675	7
7676	7
7677	7
7678	7
7679	7
7680	7
7681	7
7682	7
7683	7
7684	7
7685	8
7686	8
7687	8
7688	8
7689	8
7690	8
7691	8
7692	9
7693	9
7694	9
7695	9
7696	9
7697	9
7698	9
7699	9
7700	9
7701	10
7702	10
7703	10
7704	10
7705	10
7706	10
7707	10
7708	10
7709	10
7710	10
7711	10
7712	10
7713	10
7714	10
7715	10
7716	10
7717	10
7718	10
7719	10
7720	10
7721	10
7722	11
7723	11
7724	11
7725	11
7726	11
7727	11
7728	11
7729	11
7730	11
7731	11
7732	11
7733	11
7734	11
7735	11
7736	12
7737	12
7738	12
7739	12
7740	12
7741	12
7742	12
7743	12
7744	12
7745	12
7746	12
7747	12
7748	13
7749	13
7750	13
7751	13
7752	13
7753	13
7754	13
7755	13
7756	14
7757	14
7758	14
7759	14
7760	14
7761	14
7762	14
7763	14
7764	14
7765	14
7766	14
7767	14
7768	14
7769	14
7770	14
7771	14
7772	14
7773	15
7774	15
7775	15
7776	16
7777	16
7778	16
7779	16
7780	17
7781	17
7782	17
7783	17
7784	18
7785	18
7786	18
7787	18
7788	18
7789	18
7790	18
7791	18
7792	18
7793	18
7794	18
7795	18
7796	19
7797	19
7798	19
7799	19
7800	19
7801	19
7802	19
7803	20
7804	20
7805	20
7806	20
7807	20
7808	20
7809	20
7810	20
7811	20
7812	20
7813	21
7814	21
7815	21
7816	21
7817	22
7818	22
7819	22
7820	22
7821	22
7822	22
7823	22
7824	22
7825	22
7826	22
7827	22
7828	22
7829	22
7830	22
7831	22
7832	23
7833	23
7834	23
7835	23
7836	23
7837	23
7838	23
7839	23
7840	23
7841	23
7842	23
7843	23
7844	23
7845	23
7846	22
7847	22
7848	22
7849	22
7850	22
7851	22
7852	22
7853	22
7854	23
7855	23
7856	23
7857	23
7858	24
7859	24
7860	24
7861	24
7862	24
7863	24
7864	24
7865	24
7866	25
7867	25
7868	25
7869	25
7870	26
7871	26
7872	26
7873	27
7874	27
7875	27
7876	28
7877	28
7878	29
7879	29
7880	29
7881	29
7882	29
7883	29
7884	30
7885	30
7886	30
7887	30
7888	31
7889	31
7890	31
7891	31
7892	31
7893	31
7894	31
7895	31
7896	31
7897	31
7898	31
7899	31
7900	31
7901	31
7902	31
7903	31
7904	31
7905	31
7906	31
7907	32
7908	32
7909	32
7910	32
7911	32
7912	32
7913	33
7914	33
7915	33
7916	34
7917	34
7918	34
7919	34
7920	34
7921	35
7922	35
7923	35
7924	35
7925	34
7926	34
7927	34
7928	34
7929	34
7930	34
7931	34
7932	33
7933	33
7934	33
7935	33
7936	33
7937	33
7938	34
7939	34
7940	34
7941	34
7942	34
7943	34
7944	34
7945	34
7946	35
7947	35
7948	35
7949	35
7950	35
7951	35
7952	35
7953	35
7954	35
7955	35
7956	36
7957	36
7958	37
7959	37
7960	38
7961	38
7962	39
7963	39
7964	39
7965	40
7966	40
7967	40
7968	40
7969	40
7970	40
7971	40
7972	40
7973	40
7974	40
7975	41
7976	41
7977	41
7978	41
7979	42
7980	42
7981	42
7982	42
7983	43
7984	43
7985	43
7986	43
7987	43
7988	44
7989	44
7990	44
7991	44
7992	44
7993	44
7994	44
7995	44
7996	44
7997	44
7998	44
7999	44
8000	44
8001	43
8002	43
8003	44
8004	44
8005	45
8006	45
8007	45
8008	46
8009	47
8010	47
8011	47
8012	48
8013	48
8014	48
8015	49
8016	49
8017	50
8018	52
8019	53
8020	54
8021	55
8022	57
8023	59
8024	60
8025	62
8026	64
8027	65
8028	67
8029	69
8030	70
8031	71
8032	73
8033	75
8034	77
8035	80
8036	83
8037	85
8038	88
8039	90
8040	90
8041	91
8042	93
8043	94
8044	95
8045	96
8046	98
8047	99
8048	102
8049	104
8050	108
8051	111
8052	114
8053	117
8054	120
8055	123
8056	122
8057	125
8058	130
8059	133
8060	135
8061	139
8062	141
8063	144
8064	146
8065	150
8066	152
8067	155
8068	160
8069	162
8070	166
8071	169
8072	172
8073	175
8074	180
8075	184
8076	187
8077	190
8078	194
8079	198
8080	203
8081	207
8082	212
8083	216
8084	220
8085	224
8086	224
8087	227
8088	215
8089	175
8090	208
8091	202
8092	229
8093	246
8094	236
8095	238
8096	234
8097	270
8098	267
8099	271
8100	274
8101	287
8102	299
8103	285
8104	302
8105	310
8106	318
8107	320
8108	325
8109	329
8110	332
8111	335
8112	336
8113	340
8114	342
8115	345
8116	348
8117	351
8118	286
8119	359
8120	360
8121	361
8122	361
8123	362
8124	362
8125	360
8126	360
8127	363
8128	285
8129	358
8130	335
8131	306
8132	315
8133	365
8134	349
8135	370
8136	370
8137	368
8138	373
8139	373
8140	375
8141	374
8142	375
8143	375
8144	375
8145	375
8146	375
8147	373
8148	371
8149	367
8150	366
8151	370
8152	369
8153	367
8154	356
8155	362
8156	368
8157	348
8158	384
8159	382
8160	384
8161	387
8162	392
8163	295
8164	400
8165	401
8166	402
8167	402
8168	404
8169	409
8170	414
8171	414
8172	417
8173	422
8174	421
8175	356
8176	419
8177	421
8178	424
8179	427
8180	427
8181	426
8182	427
8183	423
8184	429
8185	434
8186	436
8187	439
8188	437
8189	423
8190	384
8191	369
8192	347
8193	426
8194	434
8195	440
8196	448
8197	454
8198	455
8199	457
8200	458
8201	459
8202	461
8203	461
8204	459
8205	458
8206	459
8207	464
8208	468
8209	471
8210	470
8211	473
8212	474
8213	474
8214	466
8215	436
8216	437
8217	435
8218	466
8219	479
8220	482
8221	487
8222	485
8223	469
8224	439
8225	483
8226	484
8227	484
8228	487
8229	489
8230	493
8231	495
8232	497
8233	494
8234	493
8235	491
8236	491
8237	491
8238	492
8239	493
8240	494
8241	497
8242	495
8243	491
8244	487
8245	485
8246	486
8247	488
8248	487
8249	484
8250	482
8251	480
8252	482
8253	485
8254	490
8255	489
8256	486
8257	484
8258	484
8259	481
8260	479
8261	483
8262	486
8263	489
8264	494
8265	497
8266	499
8267	501
8268	501
8269	500
8270	499
8271	499
8272	496
8273	496
8274	495
8275	496
8276	497
8277	499
8278	500
8279	502
8280	504
8281	504
8282	505
8283	504
8284	495
8285	480
8286	477
8287	489
8288	500
8289	499
8290	498
8291	496
8292	494
8293	494
8294	493
8295	491
8296	491
8297	493
8298	493
8299	494
8300	496
8301	498
8302	497
8303	497
8304	497
8305	495
8306	496
8307	495
8308	493
8309	490
8310	490
8311	490
8312	491
8313	492
8314	492
8315	491
8316	491
8317	492
8318	489
8319	489
8320	489
8321	489
8322	487
8323	483
8324	477
8325	481
8326	488
8327	489
8328	489
8329	479
8330	489
8331	489
8332	489
8333	487
8334	487
8335	488
8336	489
8337	489
8338	489
8339	484
8340	482
8341	484
8342	484
8343	480
8344	480
8345	476
8346	479
8347	478
8348	426
8349	474
8350	484
8351	483
8352	462
8353	447
8354	427
8355	420
8356	400
8357	357
8358	356
8359	420
8360	451
8361	453
8362	449
8363	450
8364	454
8365	450
8366	443
8367	434
8368	419
8369	421
8370	428
8371	434
8372	454
8373	470
8374	473
8375	474
8376	472
8377	471
8378	469
8379	468
8380	466
8381	465
8382	466
8383	465
8384	465
8385	465
8386	466
8387	464
8388	465
8389	464
8390	463
8391	458
8392	454
8393	451
8394	452
8395	452
8396	451
8397	449
8398	449
8399	448
8400	448
8401	448
8402	448
8403	448
8404	448
8405	446
8406	446
8407	444
8408	444
8409	444
8410	444
8411	443
8412	442
8413	442
8414	442
8415	434
8416	439
8417	434
8418	433
8419	426
8420	424
8421	424
8422	424
8423	422
8424	413
8425	373
8426	375
8427	377
8428	415
8429	414
8430	417
8431	419
8432	420
8433	419
8434	426
8435	434
8436	431
8437	431
8438	431
8439	430
8440	432
8441	434
8442	433
8443	431
8444	432
8445	432
8446	429
8447	429
8448	429
8449	431
8450	429
8451	428
8452	429
8453	429
8454	432
8455	431
8456	429
8457	425
8458	420
8459	416
8460	418
8461	415
8462	412
8463	409
8464	408
8465	404
8466	399
8467	403
8468	410
8469	415
8470	415
8471	414
8472	414
8473	414
8474	414
8475	411
8476	414
8477	416
8478	415
8479	411
8480	409
8481	393
8482	409
8483	404
8484	408
8485	408
8486	402
8487	404
8488	406
8489	407
8490	407
8491	410
8492	414
8493	417
8494	415
8495	415
8496	419
8497	420
8498	416
8499	413
8500	410
8501	411
8502	410
8503	409
8504	409
8505	411
8506	413
8507	413
8508	412
8509	410
8510	409
8511	410
8512	412
8513	410
8514	409
8515	406
8516	403
8517	404
8518	404
8519	403
8520	402
8521	402
8522	403
8523	400
8524	400
8525	401
8526	405
8527	409
8528	410
8529	408
8530	408
8531	403
8532	401
8533	399
8534	397
8535	394
8536	393
8537	390
8538	388
8539	388
8540	389
8541	389
8542	388
8543	387
8544	386
8545	385
8546	385
8547	385
8548	383
8549	380
8550	375
8551	374
8552	375
8553	375
8554	374
8555	375
8556	375
8557	376
8558	377
8559	380
8560	381
8561	382
8562	381
8563	381
8564	383
8565	386
8566	389
8567	392
8568	392
8569	390
8570	384
8571	380
8572	375
8573	373
8574	375
8575	373
8576	372
8577	370
8578	366
8579	363
8580	364
8581	365
8582	368
8583	369
8584	371
8585	368
8586	360
8587	355
8588	350
8589	350
8590	352
8591	354
8592	357
8593	355
8594	359
8595	363
8596	364
8597	365
8598	367
8599	369
8600	368
8601	370
8602	370
8603	366
8604	367
8605	369
8606	366
8607	364
8608	356
8609	349
8610	344
8611	338
8612	336
8613	335
8614	335
8615	330
8616	328
8617	328
8618	322
8619	318
8620	320
8621	317
8622	317
8623	315
8624	316
8625	318
8626	321
8627	320
8628	324
8629	318
8630	318
8631	319
8632	324
8633	327
8634	334
8635	338
8636	340
8637	349
8638	354
8639	356
8640	360
8641	359
8642	357
8643	358
8644	359
8645	360
8646	360
8647	360
8648	358
8649	358
8650	356
8651	361
8652	365
8653	368
8654	371
8655	373
8656	371
8657	371
8658	377
8659	380
8660	380
8661	384
8662	383
8663	381
8664	380
8665	376
8666	374
8667	373
8668	375
8669	379
8670	380
8671	384
8672	391
8673	395
8674	398
8675	400
8676	402
8677	400
8678	395
8679	393
8680	395
8681	394
8682	393
8683	394
8684	393
8685	394
8686	394
8687	394
8688	391
8689	391
8690	385
8691	385
8692	386
8693	391
8694	394
8695	394
8696	394
8697	393
8698	393
8699	393
8700	390
8701	389
8702	390
8703	387
8704	381
8705	380
8706	382
8707	385
8708	384
8709	384
8710	383
8711	384
8712	384
8713	386
8714	385
8715	387
8716	388
8717	383
8718	379
8719	376
8720	374
8721	375
8722	373
8723	371
8724	370
8725	363
8726	358
8727	355
8728	353
8729	354
8730	355
8731	355
8732	358
8733	360
8734	357
8735	357
8736	359
8737	359
8738	362
8739	360
8740	360
8741	358
8742	360
8743	360
8744	360
8745	356
8746	353
8747	354
8748	351
8749	341
8750	341
8751	353
8752	360
8753	360
8754	360
8755	356
8756	350
8757	351
8758	356
8759	350
8760	352
8761	355
8762	355
8763	352
8764	352
8765	354
8766	356
8767	355
8768	355
8769	358
8770	365
8771	366
8772	366
8773	362
8774	362
8775	361
8776	367
8777	364
8778	365
8779	361
8780	360
8781	359
8782	358
8783	365
8784	365
8785	355
8786	345
8787	343
8788	345
8789	331
8790	316
8791	315
8792	320
8793	323
8794	330
8795	341
8796	359
8797	373
8798	375
8799	370
8800	383
8801	382
8802	377
8803	373
8804	370
8805	370
8806	369
8807	370
8808	369
8809	367
8810	370
8811	366
8812	363
8813	360
8814	358
8815	355
8816	352
8817	348
8818	348
8819	348
8820	349
8821	351
8822	351
8823	358
8824	356
8825	353
8826	357
8827	357
8828	357
8829	356
8830	358
8831	359
8832	357
8833	354
8834	350
8835	345
8836	341
8837	338
8838	334
8839	332
8840	330
8841	327
8842	324
8843	325
8844	328
8845	335
8846	337
8847	335
8848	338
8849	333
8850	335
8851	335
8852	330
8853	334
8854	337
8855	338
8856	334
8857	325
8858	322
8859	325
8860	324
8861	315
8862	313
8863	321
8864	315
8865	300
8866	295
8867	308
8868	293
8869	282
8870	306
8871	320
8872	318
8873	316
8874	311
8875	305
8876	304
8877	312
8878	310
8879	310
8880	310
8881	309
8882	312
8883	312
8884	303
8885	296
8886	296
8887	290
8888	289
8889	297
8890	296
8891	290
8892	287
8893	284
8894	281
8895	273
8896	261
8897	261
8898	278
8899	294
8900	302
8901	303
8902	300
8903	294
8904	290
8905	293
8906	292
8907	286
8908	286
8909	284
8910	293
8911	290
8912	284
8913	272
8914	275
8915	280
8916	273
8917	277
8918	280
8919	275
8920	272
8921	275
8922	281
8923	280
8924	270
8925	271
8926	270
8927	261
8928	250
8929	252
8930	261
8931	264
8932	251
8933	237
8934	239
8935	246
8936	254
8937	258
8938	254
8939	250
8940	244
8941	249
8942	266
8943	279
8944	290
8945	303
8946	306
8947	310
8948	306
8949	294
8950	290
8951	289
8952	296
8953	289
8954	274
8955	260
8956	256
8957	266
8958	266
8959	252
8960	250
8961	259
8962	265
8963	274
8964	276
8965	283
8966	293
8967	291
8968	258
8969	252
8970	265
8971	276
8972	284
8973	289
8974	287
8975	285
8976	290
8977	293
8978	295
8979	295
8980	290
8981	295
8982	308
8983	314
8984	312
8985	310
8986	308
8987	305
8988	300
8989	299
8990	310
8991	309
8992	313
8993	313
8994	311
8995	310
8996	310
8997	312
8998	310
8999	307
9000	310
9001	310
9002	310
9003	309
9004	306
9005	305
9006	305
9007	310
9008	311
9009	315
9010	318
9011	320
9012	320
9013	320
9014	324
9015	321
9016	318
9017	316
9018	315
9019	318
9020	316
9021	318
9022	318
9023	323
9024	326
9025	324
9026	318
9027	318
9028	315
9029	322
9030	321
9031	320
9032	315
9033	307
9034	306
9035	326
9036	332
9037	328
9038	333
9039	340
9040	338
9041	334
9042	330
9043	330
9044	334
9045	330
9046	334
9047	332
9048	333
9049	333
9050	331
9051	330
9052	330
9053	331
9054	330
9055	324
9056	321
9057	321
9058	320
9059	325
9060	321
9061	308
9062	307
9063	304
9064	305
9065	302
9066	302
9067	305
9068	307
9069	310
9070	310
9071	328
9072	318
9073	320
9074	324
9075	325
9076	320
9077	322
9078	315
9079	315
9080	320
9081	321
9082	327
9083	330
9084	335
9085	335
9086	338
9087	342
9088	340
9089	344
9090	344
9091	333
9092	331
9093	335
9094	330
9095	330
9096	325
9097	338
9098	345
9099	332
9100	338
9101	354
9102	350
9103	370
9104	370
9105	350
9106	351
9107	355
9108	353
9109	358
9110	336
9111	344
9112	350
9113	341
9114	345
9115	350
9116	366
9117	370
9118	370
9119	365
9120	317
9121	311
9122	340
9123	370
9124	335
9125	321
9126	346
9127	367
9128	376
9129	357
9130	360
9131	341
9132	324
9133	302
9134	334
9135	335
9136	319
9137	320
9138	332
9139	356
9140	380
9141	373
9142	369
9143	354
9144	361
9145	380
9146	393
9147	403
9148	406
9149	399
9150	390
9151	379
9152	383
9153	379
9154	346
9155	339
9156	320
9157	313
9158	313
9159	306
9160	310
9161	321
9162	329
9163	325
9164	315
9165	294
9166	275
9167	294
9168	297
9169	295
9170	287
9171	291
9172	297
9173	288
9174	280
9175	257
9176	249
9177	244
9178	244
9179	252
9180	256
9181	265
9182	275
9183	270
9184	272
9185	262
9186	264
9187	254
9188	249
9189	263
9190	269
9191	261
9192	275
9193	290
9194	321
9195	325
9196	327
9197	333
9198	332
9199	337
9200	335
9201	330
9202	324
9203	324
9204	328
9205	322
9206	317
9207	324
9208	323
9209	315
9210	300
9211	290
9212	272
9213	260
9214	249
9215	244
9216	239
9217	237
9218	234
9219	225
9220	226
9221	223
9222	218
9223	214
9224	205
9225	200
9226	192
9227	180
9228	172
9229	160
9230	153
9231	151
9232	152
9233	147
9234	145
9235	143
9236	140
9237	137
9238	133
9239	127
9240	121
9241	117
9242	119
9243	118
9244	113
9245	110
9246	109
9247	114
9248	114
9249	114
9250	112
9251	111
9252	111
9253	108
9254	106
9255	110
9256	109
9257	102
9258	96
9259	91
9260	86
9261	84
9262	85
9263	91
9264	101
9265	106
9266	104
9267	104
9268	102
9269	99
9270	98
9271	101
9272	101
9273	99
9274	100
9275	98
9276	96
9277	94
9278	85
9279	83
9280	82
9281	84
9282	89
9283	90
9284	92
9285	93
9286	95
9287	95
9288	96
9289	96
9290	97
9291	98
9292	98
9293	98
9294	100
9295	100
9296	100
9297	100
9298	102
9299	98
9300	88
9301	82
9302	88
9303	90
9304	92
9305	92
9306	91
9307	91
9308	91
9309	89
9310	82
9311	84
9312	80
9313	86
9314	88
9315	85
9316	85
9317	86
9318	85
9319	85
9320	84
9321	83
9322	83
9323	84
9324	84
9325	85
9326	85
9327	85
9328	84
9329	83
9330	84
9331	84
9332	84
9333	83
9334	82
9335	82
9336	83
9337	84
9338	84
9339	85
9340	85
9341	85
9342	85
9343	83
9344	83
9345	83
9346	82
9347	83
9348	84
9349	84
9350	82
9351	85
9352	85
9353	85
9354	83
9355	82
9356	83
9357	83
9358	83
9359	83
9360	82
9361	83
9362	84
9363	83
9364	82
9365	84
9366	83
9367	83
9368	83
9369	82
9370	81
9371	81
9372	80
9373	80
9374	80
9375	80
9376	81
9377	81
9378	80
9379	79
9380	77
9381	77
9382	75
9383	76
9384	76
9385	76
9386	77
9387	77
9388	77
9389	76
9390	76
9391	77
9392	79
9393	80
9394	80
9395	80
9396	77
9397	77
9398	77
9399	77
9400	77
9401	76
9402	76
9403	76
9404	75
9405	75
9406	75
9407	75
9408	76
9409	75
9410	75
9411	74
9412	74
9413	74
9414	73
9415	74
9416	75
9417	73
9418	72
9419	71
9420	71
9421	72
9422	72
9423	72
9424	72
9425	73
9426	73
9427	73
9428	72
9429	72
9430	71
9431	70
9432	70
9433	71
9434	72
9435	73
9436	72
9437	71
9438	70
9439	70
9440	69
9441	69
9442	68
9443	68
9444	67
9445	67
9446	68
9447	68
9448	68
9449	69
9450	69
9451	69
9452	70
9453	70
9454	70
9455	71
9456	72
9457	71
9458	71
9459	71
9460	73
9461	72
9462	72
9463	72
9464	72
9465	72
9466	73
9467	73
9468	73
9469	73
9470	72
9471	72
9472	72
9473	74
9474	74
9475	74
9476	74
9477	75
9478	76
9479	76
9480	76
9481	76
9482	76
9483	76
9484	76
9485	76
9486	76
9487	76
9488	76
9489	75
9490	73
9491	71
9492	70
9493	69
9494	71
9495	75
9496	78
9497	80
9498	80
9499	79
9500	79
9501	80
9502	81
9503	81
9504	80
9505	80
9506	81
9507	82
9508	80
9509	77
9510	73
9511	68
9512	63
9513	63
9514	64
9515	66
9516	65
9517	67
9518	70
9519	69
9520	70
9521	72
9522	72
9523	73
9524	73
9525	73
9526	74
9527	74
9528	72
9529	71
9530	72
9531	71
9532	70
9533	70
9534	70
9535	71
9536	75
9537	73
9538	67
9539	63
9540	64
9541	70
9542	71
9543	70
9544	71
9545	71
9546	71
9547	74
9548	74
9549	73
9550	73
9551	72
9552	72
9553	72
9554	71
9555	70
9556	72
9557	73
9558	71
9559	70
9560	70
9561	70
9562	65
9563	64
9564	68
9565	66
9566	65
9567	70
9568	72
9569	71
9570	69
9571	70
9572	73
9573	72
9574	71
9575	71
9576	70
9577	69
9578	70
9579	70
9580	70
9581	68
9582	68
9583	67
9584	67
9585	65
9586	64
9587	63
9588	63
9589	63
9590	64
9591	64
9592	62
9593	62
9594	62
9595	63
9596	63
9597	63
9598	62
9599	63
9600	63
9601	64
9602	64
9603	64
9604	65
9605	66
9606	66
9607	66
9608	67
9609	68
9610	67
9611	67
9612	66
9613	62
9614	61
9615	65
9616	65
9617	67
9618	65
9619	65
9620	67
9621	68
9622	67
9623	65
9624	65
9625	65
9626	65
9627	65
9628	66
9629	64
9630	61
9631	63
9632	66
9633	68
9634	68
9635	67
9636	66
9637	65
9638	64
9639	64
9640	62
9641	59
9642	59
9643	58
9644	58
9645	59
9646	59
9647	57
9648	54
9649	51
9650	51
9651	55
9652	58
9653	57
9654	58
9655	59
9656	59
9657	59
9658	58
9659	59
9660	59
9661	59
9662	58
9663	57
9664	57
9665	57
9666	56
9667	56
9668	55
9669	55
9670	54
9671	54
9672	54
9673	54
9674	55
9675	55
9676	55
9677	55
9678	55
9679	55
9680	55
9681	55
9682	55
9683	55
9684	56
9685	55
9686	55
9687	55
9688	55
9689	55
9690	56
9691	56
9692	56
9693	57
9694	56
9695	57
9696	57
9697	57
9698	56
9699	56
9700	55
9701	54
9702	56
9703	56
9704	56
9705	55
9706	55
9707	56
9708	56
9709	56
9710	56
9711	56
9712	56
9713	56
9714	56
9715	56
9716	59
9717	57
9718	56
9719	57
9720	56
9721	56
9722	55
9723	55
9724	54
9725	53
9726	49
9727	47
9728	48
9729	49
9730	51
9731	51
9732	53
9733	54
9734	54
9735	54
9736	54
9737	54
9738	55
9739	55
9740	60
9741	59
9742	56
9743	54
9744	54
9745	54
9746	54
9747	54
9748	54
9749	54
9750	51
9751	49
9752	47
9753	47
9754	48
9755	50
9756	51
9757	51
9758	53
9759	53
9760	53
9761	53
9762	49
9763	46
9764	47
9765	49
9766	51
9767	51
9768	52
9769	52
9770	50
9771	49
9772	53
9773	53
9774	52
9775	54
9776	54
9777	54
9778	54
9779	54
9780	54
9781	51
9782	51
9783	53
9784	53
9785	53
9786	53
9787	51
9788	51
9789	51
9790	51
9791	51
9792	52
9793	53
9794	54
9795	54
9796	54
9797	54
9798	49
9799	50
9800	49
9801	50
9802	49
9803	50
9804	50
9805	49
9806	49
9807	49
9808	49
9809	49
9810	49
9811	49
9812	49
9813	49
9814	48
9815	49
9816	49
9817	49
9818	49
9819	49
9820	50
9821	50
9822	50
9823	50
9824	50
9825	50
9826	50
9827	50
9828	49
9829	49
9830	50
9831	50
9832	50
9833	50
9834	50
9835	50
9836	50
9837	50
9838	50
9839	50
9840	50
9841	54
9842	53
9843	54
9844	54
9845	54
9846	54
9847	54
9848	54
9849	55
9850	52
9851	51
9852	51
9853	50
9854	54
9855	50
9856	51
9857	50
9858	50
9859	50
9860	51
9861	50
9862	53
9863	54
9864	53
9865	53
9866	53
9867	49
9868	49
9869	51
9870	52
9871	51
9872	53
9873	53
9874	53
9875	53
9876	53
9877	53
9878	53
9879	51
9880	51
9881	51
9882	50
9883	46
9884	49
9885	49
9886	50
9887	53
9888	53
9889	56
9890	53
9891	53
9892	52
9893	53
9894	53
9895	53
9896	53
9897	53
9898	53
9899	53
9900	52
9901	52
9902	51
9903	51
9904	51
9905	51
9906	51
9907	53
9908	53
9909	53
9910	53
9911	52
9912	53
9913	51
9914	50
9915	49
9916	49
9917	48
9918	48
9919	48
9920	47
9921	47
9922	47
9923	47
9924	47
9925	47
9926	48
9927	49
9928	49
9929	48
9930	49
9931	49
9932	49
9933	49
9934	49
9935	49
9936	49
9937	49
9938	49
9939	49
9940	48
9941	48
9942	48
9943	49
9944	49
9945	49
9946	49
9947	50
9948	51
9949	51
9950	51
9951	51
9952	50
9953	50
9954	50
9955	49
9956	51
9957	50
9958	50
9959	51
9960	51
9961	51
9962	51
9963	50
9964	50
9965	49
9966	49
9967	48
9968	49
9969	49
9970	49
9971	49
9972	49
9973	49
9974	49
9975	49
9976	49
9977	49
9978	49
9979	49
9980	50
9981	50
9982	49
9983	49
9984	49
9985	49
9986	49
9987	49
9988	48
9989	44
9990	40
9991	39
9992	40
9993	41
9994	45
9995	48
9996	49
9997	49
9998	50
9999	50
10000	50
10001	50
10002	50
10003	49
10004	49
10005	50
10006	49
10007	49
10008	49
10009	49
10010	49
10011	49
10012	49
10013	50
10014	49
10015	49
10016	49
10017	49
10018	48
10019	47
10020	47
10021	46
10022	45
10023	45
10024	45
10025	45
10026	45
10027	45
10028	46
10029	46
10030	46
10031	46
10032	47
10033	47
10034	47
10035	47
10036	47
10037	47
10038	45
10039	45
10040	47
10041	47
10042	47
10043	45
10044	45
10045	45
10046	45
10047	44
10048	44
10049	43
10050	44
10051	44
10052	40
10053	44
10054	44
10055	44
10056	44
10057	44
10058	45
10059	45
10060	44
10061	45
10062	45
10063	46
10064	47
10065	47
10066	45
10067	47
10068	46
10069	46
10070	46
10071	47
10072	48
10073	49
10074	47
10075	48
10076	47
10077	46
10078	45
10079	44
10080	44
10081	43
10082	43
10083	44
10084	44
10085	44
10086	44
10087	45
10088	45
10089	45
10090	44
10091	44
10092	44
10093	44
10094	45
10095	45
10096	45
10097	45
10098	45
10099	46
10100	46
10101	46
10102	45
10103	45
10104	45
10105	47
10106	48
10107	48
10108	48
10109	47
10110	47
10111	45
10112	45
10113	45
10114	45
10115	45
10116	44
10117	45
10118	44
10119	43
10120	44
10121	42
10122	43
10123	43
10124	43
10125	43
10126	43
10127	43
10128	44
10129	45
10130	47
10131	48
10132	48
10133	47
10134	47
10135	48
10136	49
10137	49
10138	49
10139	49
10140	49
10141	49
10142	49
10143	49
10144	49
10145	49
10146	49
10147	49
10148	48
10149	47
10150	47
10151	46
10152	46
10153	46
10154	46
10155	46
10156	46
10157	46
10158	47
10159	47
10160	46
10161	47
10162	46
10163	44
10164	38
10165	35
10166	36
10167	40
10168	44
10169	45
10170	45
10171	46
10172	46
10173	46
10174	47
10175	45
10176	45
10177	42
10178	40
10179	39
10180	40
10181	40
10182	40
10183	41
10184	40
10185	41
10186	44
10187	45
10188	45
10189	44
10190	41
10191	40
10192	40
10193	42
10194	44
10195	45
10196	46
10197	46
10198	46
10199	46
10200	46
10201	46
10202	46
10203	46
10204	45
10205	45
10206	44
10207	45
10208	44
10209	43
10210	42
10211	40
10212	40
10213	39
10214	38
10215	38
10216	36
10217	36
10218	35
10219	35
10220	35
10221	35
10222	35
10223	35
10224	35
10225	35
10226	35
10227	35
10228	35
10229	35
10230	35
10231	35
10232	35
10233	35
10234	35
10235	35
10236	35
10237	35
10238	35
10239	35
10240	34
10241	34
10242	33
10243	33
10244	33
10245	33
10246	33
10247	32
10248	32
10249	30
10250	30
10251	31
10252	31
10253	31
10254	31
10255	31
10256	31
10257	31
10258	31
10259	30
10260	30
10261	30
10262	30
10263	29
10264	29
10265	29
10266	29
10267	29
10268	29
10269	29
10270	29
10271	29
10272	28
10273	28
10274	28
10275	28
10276	28
10277	28
10278	28
10279	28
10280	28
10281	28
10282	28
10283	28
10284	27
10285	27
10286	27
10287	27
10288	27
10289	27
10290	27
10291	27
10292	27
10293	26
10294	26
10295	26
10296	26
10297	26
10298	26
10299	26
10300	26
10301	26
10302	26
10303	26
10304	26
10305	26
10306	26
10307	26
10308	26
10309	26
10310	26
10311	26
10312	26
10313	26
10314	26
10315	26
10316	26
10317	26
10318	26
10319	26
10320	26
10321	26
10322	27
10323	27
10324	27
10325	26
10326	27
10327	27
10328	26
10329	26
10330	26
10331	26
10332	27
10333	26
10334	26
10335	26
10336	26
10337	27
10338	27
10339	27
10340	27
10341	26
10342	26
10343	26
10344	26
10345	26
10346	26
10347	26
10348	26
10349	26
10350	26
10351	26
10352	26
10353	25
10354	25
10355	25
10356	25
10357	25
10358	25
10359	25
10360	25
10361	25
10362	25
10363	25
10364	25
10365	25
10366	25
10367	25
10368	25
10369	24
10370	24
10371	25
10372	24
10373	25
10374	24
10375	24
10376	24
10377	24
10378	24
10379	24
10380	24
10381	24
10382	24
10383	24
10384	24
10385	24
10386	24
10387	24
10388	24
10389	24
10390	24
10391	24
10392	24
10393	24
10394	24
10395	24
10396	24
10397	23
10398	23
10399	23
10400	23
10401	23
10402	23
10403	23
10404	23
10405	22
10406	22
10407	22
10408	22
10409	22
10410	22
10411	22
10412	22
10413	22
10414	22
10415	22
10416	22
10417	22
10418	22
10419	22
10420	22
10421	22
10422	22
10423	22
10424	22
10425	22
10426	22
10427	22
10428	22
10429	22
10430	22
10431	22
10432	22
10433	22
10434	22
10435	22
10436	22
10437	22
10438	22
10439	22
10440	22
10441	22
10442	22
10443	22
10444	22
10445	22
10446	22
10447	22
10448	22
10449	22
10450	22
10451	22
10452	21
10453	21
10454	21
10455	21
10456	21
10457	21
10458	21
10459	21
10460	21
10461	21
10462	21
10463	21
10464	20
10465	20
10466	20
10467	20
10468	20
10469	20
10470	20
10471	20
10472	20
10473	20
10474	20
10475	20
10476	20
10477	20
10478	20
10479	21
10480	20
10481	21
10482	20
10483	20
10484	20
10485	20
10486	20
10487	20
10488	20
10489	20
10490	20
10491	20
10492	20
10493	20
10494	20
10495	21
10496	21
10497	21
10498	20
10499	20
10500	20
10501	20
10502	20
10503	20
10504	20
10505	20
10506	20
10507	20
10508	20
10509	20
10510	20
10511	20
10512	20
10513	20
10514	20
10515	20
10516	20
10517	20
10518	20
10519	20
10520	20
10521	20
10522	20
10523	20
10524	20
10525	20
10526	20
10527	20
10528	20
10529	20
10530	20
10531	20
10532	20
10533	20
10534	20
10535	20
10536	20
10537	20
10538	20
10539	20
10540	20
10541	20
10542	20
10543	20
10544	19
10545	19
10546	19
10547	19
10548	19
10549	19
10550	19
10551	19
10552	19
10553	19
10554	19
10555	19
10556	19
10557	19
10558	18
10559	18
10560	18
10561	18
10562	18
10563	18
10564	18
10565	18
10566	18
10567	18
10568	18
10569	18
10570	18
10571	18
10572	18
10573	18
10574	18
10575	18
10576	18
10577	18
10578	18
10579	17
10580	17
10581	17
10582	17
10583	17
10584	17
10585	17
10586	17
10587	17
10588	17
10589	17
10590	17
10591	17
10592	17
10593	17
10594	17
10595	17
10596	17
10597	17
10598	17
10599	17
10600	17
10601	17
10602	17
10603	17
10604	17
10605	17
10606	16
10607	16
10608	16
10609	16
10610	16
10611	16
10612	16
10613	16
10614	16
10615	16
10616	16
10617	16
10618	16
10619	15
10620	15
10621	15
10622	15
10623	15
10624	15
10625	15
10626	15
10627	15
10628	15
10629	15
10630	15
10631	15
10632	15
10633	15
10634	15
10635	14
10636	14
10637	14
10638	14
10639	14
10640	14
10641	14
10642	14
10643	14
10644	14
10645	14
10646	14
10647	14
10648	14
10649	14
10650	14
10651	14
10652	14
10653	14
10654	14
10655	14
10656	14
10657	14
10658	14
10659	14
10660	14
10661	13
10662	13
10663	13
10664	13
10665	13
10666	13
10667	13
10668	13
10669	13
10670	13
10671	13
10672	13
10673	13
10674	11
10675	13
10676	13
10677	13
10678	12
10679	12
10680	12
10681	12
10682	12
10683	12
10684	12
10685	12
10686	12
10687	12
10688	12
10689	12
10690	12
10691	12
10692	12
10693	12
10694	12
10695	12
10696	12
10697	12
10698	11
10699	11
10700	11
10701	11
10702	11
10703	11
10704	11
10705	11
10706	10
10707	11
10708	10
10709	11
10710	10
10711	10
10712	10
10713	10
10714	10
10715	10
10716	10
10717	10
10718	10
10719	10
10720	10
10721	10
10722	10
10723	10
10724	10
10725	10
10726	10
10727	10
10728	10
10729	10
10730	10
10731	10
10732	10
10733	10
10734	10
10735	10
10736	10
10737	10
10738	10
10739	10
10740	9
10741	9
10742	10
10743	10
10744	10
10745	10
10746	9
10747	9
10748	10
10749	10
10750	9
10751	9
10752	9
10753	9
10754	9
10755	9
10756	9
10757	9
10758	9
10759	9
10760	9
10761	9
10762	9
10763	9
10764	9
10765	9
10766	9
10767	9
10768	8
10769	8
10770	8
10771	8
10772	8
10773	8
10774	8
10775	8
10776	8
10777	8
10778	8
10779	8
10780	8
10781	8
10782	8
10783	8
10784	8
10785	8
10786	8
10787	8
10788	8
10789	8
10790	8
10791	8
10792	8
10793	8
10794	8
10795	8
10796	8
10797	8
10798	8
10799	8
10800	8
10801	8
10802	8
10803	8
10804	7
10805	7
10806	7
10807	7
10808	7
10809	7
10810	7
10811	7
10812	7
10813	7
10814	6
10815	7
10816	6
10817	6
10818	6
10819	6
10820	6
10821	6
10822	6
10823	6
10824	6
10825	6
10826	6
10827	6
10828	6
10829	6
10830	6
10831	6
10832	6
10833	6
10834	6
10835	6
10836	6
10837	6
10838	6
10839	6
10840	6
10841	6
10842	6
10843	6
10844	6
10845	6
10846	6
10847	6
10848	6
10849	6
10850	6
10851	6
10852	6
10853	6
10854	5
10855	6
10856	6
10857	6
10858	5
10859	5
10860	5
10861	5
10862	5
10863	5
10864	5
10865	5
10866	5
10867	5
10868	5
10869	5
10870	5
10871	5
10872	5
10873	5
10874	5
10875	5
10876	5
10877	5
10878	5
10879	5
10880	5
10881	5
10882	5
10883	5
10884	5
10885	5
10886	5
10887	5
10888	5
10889	5
10890	5
10891	5
10892	5
10893	5
10894	5
10895	4
10896	4
10897	4
10898	4
10899	4
10900	4
10901	4
10902	4
10903	4
10904	4
10905	4
10906	4
10907	4
10908	4
10909	4
10910	4
10911	4
10912	4
10913	4
10914	4
10915	4
10916	4
10917	4
10918	3
10919	3
10920	3
10921	3
10922	3
10923	3
10924	3
10925	3
10926	3
10927	3
10928	3
10929	3
10930	3
10931	2
10932	2
10933	2
10934	2
10935	2
10936	2
10937	2
10938	2
10939	2
10940	2
10941	2
10942	2
10943	2
10944	2
10945	2
10946	2
10947	2
10948	2
10949	2
10950	2
10951	2
10952	2
10953	2
10954	2
10955	2
10956	2
10957	2
10958	1
10959	1
10960	1
10961	2
10962	1
10963	1
10964	1
10965	1
10966	1
10967	1
10968	1
10969	1
10970	1
10971	1
10972	1
10973	1
10974	1
10975	1
10976	1
10977	1
10978	1
10979	1
10980	1
10981	1
10982	1
10983	1
10984	1
10985	1
10986	1
10987	1
10988	1
10989	1
10990	1
10991	1
10992	1
10993	1
10994	1
10995	1
10996	1
10997	1
10998	1
10999	1
11000	1
11001	1
11002	1
11003	1
11004	1
11005	1
11006	0
11007	1
11008	1
11009	1
11010	1
11011	0
11012	0
11013	0
11014	1
11015	1
11016	1
11017	0
11018	0
11019	0
11020	1
11021	0
11022	0
11023	0
11024	0
11025	0
11026	0
11027	0
11028	0
11029	0
11030	0
11031	0
11032	0
11033	0
11034	0
11035	0
11036	0
11037	0
11038	0
11039	0
11040	0
11041	0
11042	0
11043	0
11044	0
11045	0
11046	0
11047	0
11048	1
11049	3
11050	3
11051	3
11052	3
11053	2
11054	3
11055	3
11056	3
11057	3
11058	3
11059	3
11060	3
11061	3
11062	3
11063	3
11064	3
11065	2
11066	3
11067	2
11068	3
11069	3
11070	3
11071	3
11072	3
11073	3
11074	3
11075	2
11076	2
11077	2
11078	2
11079	3
11080	2
11081	2
11082	2
11083	2
11084	2
11085	2
11086	2
11087	2
11088	2
11089	2
11090	2
11091	2
11092	2
11093	2
11094	2
11095	2
11096	2
11097	2
11098	2
11099	2
11100	2
11101	2
11102	2
11103	2
11104	2
11105	2
11106	2
11107	2
11108	2
11109	2
11110	2
11111	2
11112	2
11113	2
11114	2
11115	2
11116	2
11117	3
11118	2
11119	2
11120	2
11121	2
11122	2
11123	2
11124	3
11125	3
11126	2
11127	3
11128	2
11129	2
11130	2
11131	2
11132	2
11133	2
11134	2
11135	2
11136	2
11137	2
11138	2
11139	2
11140	2
11141	2
11142	2
11143	2
11144	2
11145	2
11146	2
11147	2
11148	2
11149	3
11150	2
11151	2
11152	2
11153	3
11154	2
11155	2
11156	2
11157	2
11158	2
11159	2
11160	2
11161	2
11162	2
11163	2
11164	2
11165	2
11166	2
11167	2
11168	2
11169	2
11170	2
11171	2
11172	2
11173	2
11174	2
11175	2
11176	2
11177	2
11178	2
11179	2
11180	2
11181	2
11182	3
11183	3
11184	3
11185	4
11186	4
11187	4
11188	5
11189	5
11190	5
11191	5
11192	5
11193	5
11194	5
11195	5
11196	5
11197	5
11198	5
11199	5
11200	5
11201	5
11202	5
11203	5
11204	5
11205	5
11206	5
11207	5
11208	5
11209	5
11210	5
11211	5
11212	5
11213	5
11214	5
11215	5
11216	5
11217	5
11218	5
11219	5
11220	5
11221	5
11222	5
11223	5
11224	5
11225	5
11226	5
11227	5
11228	5
11229	5
11230	5
11231	5
11232	5
11233	5
11234	5
11235	5
11236	5
11237	5
11238	5
11239	5
11240	5
11241	5
11242	5
11243	5
11244	5
11245	5
11246	5
11247	5
11248	5
11249	5
11250	5
11251	5
11252	5
11253	5
11254	5
11255	5
11256	5
11257	5
11258	5
11259	5
11260	5
11261	5
11262	5
11263	5
11264	5
11265	5
11266	5
11267	5
11268	5
11269	5
11270	5
11271	5
11272	5
11273	5
11274	5
11275	5
11276	5
11277	5
11278	5
11279	5
11280	5
11281	5
11282	5
11283	5
11284	5
11285	5
11286	5
11287	5
11288	5
11289	5
11290	5
11291	5
11292	5
11293	5
11294	5
11295	5
11296	5
11297	5
11298	5
11299	5
11300	5
11301	5
11302	5
11303	5
11304	5
11305	5
11306	5
11307	5
11308	5
11309	5
11310	5
11311	5
11312	5
11313	5
11314	5
11315	5
11316	5
11317	5
11318	5
11319	5
11320	5
11321	5
11322	5
11323	5
11324	5
11325	5
11326	5
11327	5
11328	5
11329	5
11330	5
11331	5
11332	5
11333	5
11334	5
11335	5
11336	5
11337	2
11338	2
11339	2
11340	3
11341	3
11342	3
11343	2
11344	2
11345	2
11346	2
11347	2
11348	3
11349	5
11350	5
11351	5
11352	5
11353	5
11354	5
11355	5
11356	5
11357	5
11358	3
11359	3
11360	2
11361	2
11362	2
11363	2
11364	2
11365	2
11366	2
11367	2
11368	2
11369	3
11370	2
11371	5
11372	5
11373	5
11374	5
11375	5
11376	5
11377	5
11378	5
11379	5
11380	5
11381	5
11382	5
11383	5
11384	5
11385	5
11386	5
11387	5
11388	5
11389	5
11390	5
11391	5
11392	5
11393	5
11394	5
11395	5
11396	5
11397	5
11398	5
11399	5
11400	5
11401	5
11402	5
11403	5
11404	5
11405	5
11406	5
11407	5
11408	5
11409	5
11410	5
11411	5
11412	5
11413	5
11414	5
11415	5
11416	5
11417	5
11418	4
11419	5
11420	5
11421	5
11422	5
11423	5
11424	5
11425	5
11426	5
11427	5
11428	5
11429	5
11430	5
11431	5
11432	5
11433	5
11434	5
11435	5
11436	5
11437	5
11438	5
11439	5
11440	5
11441	5
11442	5
11443	5
11444	5
11445	5
11446	5
11447	5
11448	5
11449	5
11450	5
11451	5
11452	5
11453	5
11454	5
11455	5
11456	5
11457	5
11458	5
11459	5
11460	5
11461	5
11462	5
11463	5
11464	5
11465	5
11466	5
11467	5
11468	5
11469	5
11470	5
11471	5
11472	5
11473	5
11474	5
11475	5
11476	5
11477	5
11478	5
11479	5
11480	5
11481	5
11482	5
11483	5
11484	5
11485	5
11486	5
11487	5
11488	5
11489	5
11490	5
11491	5
11492	5
11493	5
11494	5
11495	5
11496	5
11497	5
11498	5
11499	5
11500	5
11501	5
11502	5
11503	5
11504	5
11505	5
11506	5
11507	5
11508	5
11509	5
11510	5
11511	5
11512	5
11513	5
11514	5
11515	5
11516	5
11517	5
11518	5
11519	5
11520	5
11521	5
11522	5
11523	5
11524	5
11525	5
11526	5
11527	5
11528	5
11529	5
11530	5
11531	5
11532	5
11533	5
11534	5
11535	5
11536	5
11537	5
11538	5
11539	5
11540	5
11541	5
11542	5
11543	5
11544	5
11545	5
11546	5
11547	5
11548	5
11549	5
11550	5
11551	5
11552	5
11553	5
11554	5
11555	5
11556	5
11557	5
11558	5
11559	5
11560	5
11561	5
11562	5
11563	5
11564	5
11565	5
11566	5
11567	5
11568	5
11569	5
11570	5
11571	5
11572	5
11573	5
11574	5
11575	5
11576	5
11577	5
11578	5
11579	5
11580	5
11581	5
11582	5
11583	5
11584	5
11585	4
11586	4
11587	5
11588	5
11589	5
11590	5
11591	5
11592	5
11593	5
11594	5
11595	5
11596	5
11597	5
11598	5
11599	4
11600	4
11601	4
11602	4
11603	4
11604	4
11605	4
11606	4
11607	4
11608	4
11609	4
11610	4
11611	4
11612	4
11613	4
11614	4
11615	4
11616	4
11617	4
11618	4
11619	4
11620	4
11621	4
11622	4
11623	4
11624	4
11625	4
11626	4
11627	4
11628	4
11629	4
11630	4
11631	4
11632	4
11633	4
11634	4
11635	4
11636	4
11637	4
11638	4
11639	4
11640	4
11641	4
11642	4
11643	4
11644	4
11645	4
11646	4
11647	4
11648	4
11649	4
11650	4
11651	4
11652	4
11653	4
11654	4
11655	4
11656	4
11657	4
11658	4
11659	4
11660	4
11661	4
11662	4
11663	4
11664	4
11665	4
11666	4
11667	4
11668	4
11669	4
11670	4
11671	4
11672	4
11673	4
11674	4
11675	4
11676	4
11677	4
11678	4
11679	4
11680	4
11681	4
11682	4
11683	4
11684	4
11685	4
11686	4
11687	4
11688	4
11689	4
11690	4
11691	4
11692	4
11693	4
11694	4
11695	4
11696	4
11697	4
11698	4
11699	4
11700	4
11701	4
11702	4
11703	4
11704	4
11705	4
11706	4
11707	4
11708	4
11709	4
11710	4
11711	4
11712	4
11713	4
11714	4
11715	4
11716	4
11717	4
11718	4
11719	4
11720	4
11721	4
11722	4
11723	4
11724	4
11725	4
11726	4
11727	4
11728	4
11729	4
11730	4
11731	4
11732	4
11733	4
11734	4
11735	4
11736	5
11737	5
11738	5
11739	5
11740	5
11741	5
11742	5
11743	5
11744	5
11745	5
11746	5
11747	4
11748	4
11749	4
11750	4
11751	4
11752	4
11753	4
11754	4
11755	4
11756	4
11757	4
11758	4
11759	4
11760	4
11761	4
11762	5
11763	4
11764	4
11765	4
11766	4
11767	4
11768	4
11769	4
11770	4
11771	4
11772	4
11773	5
11774	4
11775	4
11776	4
11777	4
11778	4
11779	4
11780	4
11781	5
11782	4
11783	4
11784	4
11785	4
11786	4
11787	4
11788	4
11789	4
11790	4
11791	4
11792	4
11793	4
11794	4
11795	4
11796	4
11797	5
11798	4
11799	4
11800	4
11801	4
11802	4
11803	4
11804	4
11805	4
11806	4
11807	4
11808	4
11809	4
11810	4
11811	4
11812	4
11813	4
11814	4
11815	4
11816	4
11817	4
11818	4
11819	4
11820	4
11821	4
11822	4
11823	4
11824	4
11825	4
11826	4
11827	4
11828	4
11829	4
11830	4
11831	4
11832	4
11833	4
11834	4
11835	4
11836	4
11837	4
11838	4
11839	4
11840	4
11841	4
11842	4
11843	4
11844	4
11845	4
11846	4
11847	4
11848	4
11849	4
11850	4
11851	4
11852	4
11853	4
11854	4
11855	4
11856	4
11857	4
11858	4
11859	4
11860	4
11861	4
11862	4
11863	4
11864	4
11865	4
11866	4
11867	4
11868	5
11869	5
11870	4
11871	4
11872	5
11873	4
11874	5
11875	5
11876	5
11877	5
11878	5
11879	5
11880	5
11881	5
11882	5
11883	5
11884	5
11885	5
11886	5
11887	5
11888	5
11889	5
11890	5
11891	5
11892	5
11893	5
11894	5
11895	5
11896	5
11897	5
11898	5
11899	5
11900	5
11901	5
11902	5
11903	5
11904	5
11905	5
11906	5
11907	5
11908	5
11909	5
11910	5
11911	5
11912	5
11913	5
11914	5
11915	5
11916	5
11917	5
11918	5
11919	5
11920	5
11921	5
11922	5
11923	5
11924	5
11925	5
11926	5
11927	5
11928	5
11929	5
11930	5
11931	5
11932	5
11933	5
11934	5
11935	5
11936	5
11937	5
11938	5
11939	5
11940	5
11941	5
11942	5
11943	5
11944	5
11945	5
11946	5
11947	5
11948	5
11949	5
11950	5
11951	5
11952	5
11953	5
11954	5
11955	5
11956	5
11957	5
11958	5
11959	5
11960	5
11961	5
11962	5
11963	5
11964	5
11965	5
11966	5
11967	5
11968	5
11969	5
11970	5
11971	5
11972	5
11973	5
11974	5
11975	5
11976	5
11977	5
11978	5
11979	5
11980	5
11981	5
11982	5
11983	5
11984	5
11985	5
11986	5
11987	5
11988	5
11989	5
11990	5
11991	5
11992	5
11993	5
11994	5
11995	5
11996	5
11997	5
11998	5
11999	5
12000	5
12001	5
12002	5
12003	5
12004	5
12005	5
12006	5
12007	5
12008	5
12009	5
12010	5
12011	5
12012	5
12013	5
12014	5
12015	5
12016	5
12017	5
12018	5
12019	5
12020	5
12021	5
12022	5
12023	5
12024	5
12025	5
12026	5
12027	5
12028	5
12029	5
12030	5
12031	5
12032	5
12033	5
12034	5
12035	5
12036	5
12037	5
12038	5
12039	5
12040	5
12041	5
12042	5
12043	5
12044	5
12045	5
12046	5
12047	5
12048	5
12049	5
12050	5
12051	5
12052	5
12053	5
12054	5
12055	5
12056	5
12057	5
12058	5
12059	5
12060	5
12061	5
12062	4
12063	5
12064	5
12065	5
12066	5
12067	4
12068	4
12069	5
12070	4
12071	5
12072	5
12073	5
12074	5
12075	5
12076	5
12077	5
12078	5
12079	5
12080	5
12081	5
12082	5
12083	4
12084	5
12085	5
12086	5
12087	5
12088	5
12089	5
12090	5
12091	5
12092	5
12093	5
12094	5
12095	5
12096	5
12097	5
12098	5
12099	5
12100	5
12101	5
12102	5
12103	5
12104	5
12105	5
12106	5
12107	5
12108	5
12109	5
12110	5
12111	5
12112	5
12113	5
12114	5
12115	5
12116	5
12117	5
12118	5
12119	5
12120	5
12121	5
12122	5
12123	5
12124	5
12125	5
12126	5
12127	5
12128	5
12129	5
12130	5
12131	5
12132	5
12133	5
12134	5
12135	5
12136	5
12137	5
12138	5
12139	5
12140	5
12141	5
12142	5
12143	5
12144	5
12145	5
12146	5
12147	5
12148	5
12149	5
12150	5
12151	5
12152	5
12153	5
12154	5
12155	5
12156	5
12157	5
12158	5
12159	5
12160	5
12161	5
12162	5
12163	5
12164	5
12165	5
12166	5
12167	5
12168	5
12169	5
12170	5
12171	5
12172	5
12173	4
12174	5
12175	5
12176	5
12177	5
12178	5
12179	5
12180	5
12181	5
12182	5
12183	5
12184	5
12185	5
12186	5
12187	5
12188	5
12189	5
12190	5
12191	5
12192	5
12193	5
12194	5
12195	5
12196	5
12197	5
12198	5
12199	5
12200	5
12201	5
12202	5
12203	5
12204	5
12205	5
12206	5
12207	5
12208	5
12209	5
12210	5
12211	5
12212	5
12213	5
12214	5
12215	5
12216	5
12217	5
12218	5
12219	5
12220	5
12221	5
12222	5
12223	5
12224	5
12225	5
12226	5
12227	5
12228	5
12229	5
12230	5
12231	5
12232	5
12233	5
12234	5
12235	5
12236	5
12237	5
12238	5
12239	5
12240	5
12241	5
12242	5
12243	5
12244	5
12245	5
12246	5
12247	5
12248	5
12249	5
12250	5
12251	5
12252	5
12253	5
12254	5
12255	5
12256	5
12257	5
12258	5
12259	5
12260	5
12261	5
12262	5
12263	5
12264	5
12265	5
12266	5
12267	5
12268	5
12269	5
12270	5
12271	5
12272	5
12273	5
12274	5
12275	5
12276	5
12277	5
12278	5
12279	5
12280	5
12281	5
12282	5
12283	5
12284	5
12285	5
12286	5
12287	5
12288	5
12289	5
12290	5
12291	5
12292	5
12293	5
12294	5
12295	5
12296	5
12297	5
12298	5
12299	4
12300	5
12301	5
12302	5
12303	4
12304	5
12305	5
12306	5
12307	5
12308	5
12309	5
12310	4
12311	5
12312	5
12313	5
12314	5
12315	5
12316	4
12317	4
12318	5
12319	5
12320	4
12321	5
12322	5
12323	5
12324	5
12325	5
12326	5
12327	5
12328	5
12329	5
12330	5
12331	5
12332	5
12333	5
12334	5
12335	5
12336	5
12337	5
12338	5
12339	5
12340	5
12341	5
12342	5
12343	5
12344	5
12345	5
12346	5
12347	5
