0   0
1	2,99
2	2,87
3	2,99
4	2,87
5	2,87
6	2,87
7	2,99
8	2,99
9	2,99
10	0,11
11	0,11
12	0
13	0
14	0
15	0,11
16	0
17	0,11
18	0,11
19	0
20	0,11
21	0,11
22	0,11
23	0
24	0,11
25	0,11
26	0,11
27	0
28	0,11
29	0,11
30	0,11
31	0,11
32	0,11
33	0,11
34	0,11
35	0,11
36	0,11
37	0,11
38	0,11
39	0,11
40	0,11
41	0,11
42	0
43	0,11
44	0,11
45	0
46	0,11
47	0,11
48	0,11
49	0,11
50	0,11
51	0,11
52	0,11
53	0,11
54	0,11
55	0,11
56	0,11
57	0,11
58	0,11
59	0,11
60	0,11
61	0,11
62	0,11
63	0,11
64	0,11
65	0,11
66	0
67	0,11
68	0
69	0,11
70	0,11
71	0
72	0,11
73	0,11
74	0,11
75	0,11
76	0,11
77	0,11
78	0,11
79	0,11
80	0,11
81	0,11
82	0,11
83	0,11
84	0
85	0,11
86	0
87	0,11
88	0,11
89	0,11
90	0,11
91	0,11
92	0,11
93	0,11
94	0,11
95	0,11
96	0,11
97	0,11
98	0,11
99	0,11
100	0,11
101	0,11
102	0,11
103	0,11
104	0,11
105	0,11
106	0
107	0,11
108	0,11
109	0,11
110	0,11
111	0,11
112	0
113	0,11
114	0,11
115	0,11
116	0
117	0
118	0,11
119	0,11
120	0,11
121	0,11
122	0,11
123	0,11
124	0,11
125	0
126	0
127	0
128	0,11
129	0,11
130	0,11
131	0,11
132	0,11
133	0,11
134	0,11
135	0,11
136	0,11
137	0,11
138	0,11
139	0,11
140	0,11
141	0,11
142	0,11
143	0,11
144	0,11
145	0,11
146	0,11
147	0,11
148	0,11
149	0,11
150	0,11
151	0,11
152	0,11
153	0,11
154	0,11
155	0
156	0
157	0,11
158	0,11
159	0,11
160	0,11
161	0
162	0,11
163	0,11
164	0,11
165	0,11
166	0,11
167	0,11
168	0,11
169	0,11
170	0
171	0,11
172	0,11
173	0,11
174	0,11
175	0
176	0
177	0,11
178	0,11
179	0,11
180	0,11
181	0
182	0,11
183	0,11
184	0,11
185	0,11
186	0
187	0,11
188	0,11
189	0,11
190	0,11
191	0,11
192	0,11
193	0,11
194	0,11
195	0,11
196	0,11
197	0,11
198	0,11
199	0
200	0,11
201	0,11
202	0,11
203	0,11
204	0,11
205	0,11
206	0,11
207	0,11
208	0,11
209	0,11
210	0,11
211	0,11
212	0,11
213	0,11
214	0,11
215	0,11
216	0
217	0,11
218	0,11
219	0,11
220	0,11
221	0,11
222	0,11
223	0,11
224	0
225	0
226	0,11
227	0,11
228	0,11
229	0,11
230	0,11
231	0,11
232	0,11
233	0,11
234	0
235	0,11
236	0,11
237	0
238	0
239	0,11
240	0,11
241	0,11
242	0,11
243	0,11
244	0,11
245	0,11
246	0
247	0,11
248	0,11
249	0,11
250	0,11
251	0,11
252	0,11
253	0,11
254	0,11
255	0,11
256	0,11
257	0,11
258	0,11
259	0,11
260	0,11
261	0,11
262	0,11
263	0,11
264	0,11
265	0,11
266	0,11
267	0,11
268	0,11
269	0,11
270	0,11
271	0
272	0,11
273	0
274	0,11
275	0
276	0,11
277	0,11
278	0,11
279	0,11
280	0,11
281	0,11
282	0,11
283	0,11
284	0,11
285	0
286	0,11
287	0,11
288	0,11
289	0,11
290	0,11
291	0,11
292	0,11
293	0,11
294	0
295	0
296	0,11
297	0,11
298	0,11
299	0,11
300	0,11
301	0,11
302	0,11
303	0,11
304	0,11
305	0,11
306	0,11
307	0
308	0,11
309	0,11
310	0,11
311	0,11
312	0,11
313	0,11
314	0,11
315	0,11
316	0,11
317	0,11
318	0,11
319	0
320	0,11
321	0
322	0,11
323	0,11
324	0,11
325	0,11
326	0,11
327	0
328	0
329	0,11
330	0,11
331	0,11
332	0,11
333	0,11
334	0,11
335	0,11
336	0,11
337	0,11
338	0,11
339	0,11
340	0,11
341	0,11
342	0,11
343	0,11
344	0
345	0,11
346	0,11
347	0,11
348	0,11
349	0,11
350	0,11
351	0,11
352	0,11
353	0
354	0,11
355	0,11
356	0,11
357	0,11
358	0
359	0,11
360	0,11
361	0,11
362	0
363	0,11
364	0,11
365	0,11
366	0,11
367	0,11
368	0
369	0
370	0,11
371	0,11
372	0,11
373	0,11
374	0,11
375	0,11
376	0,11
377	0,11
378	0,11
379	0
380	0,11
381	0,11
382	0,11
383	0,11
384	0,11
385	0,11
386	0,11
387	0,11
388	0
389	0,11
390	0,11
391	0,11
392	0,11
393	0,11
394	0,11
395	0,11
396	0
397	0,11
398	0
399	0,11
400	0,11
401	0,11
402	0,11
403	0,11
404	0
405	0,11
406	0,11
407	0,11
408	0,11
409	0,11
410	0,11
411	0,11
412	0,11
413	0,11
414	0
415	0,11
416	0,11
417	0,11
418	0,11
419	0,11
420	0,11
421	0,11
422	0,11
423	0,11
424	0
425	0,11
426	0,11
427	0,11
428	0
429	0
430	0,11
431	0,11
432	0
433	0,11
434	0,11
435	0,11
436	0,11
437	0,11
438	0,11
439	0,11
440	0,11
441	0,11
442	0,11
443	0,11
444	0,11
445	0,11
446	0,11
447	0,11
448	0,11
449	0,11
450	0,11
451	0,11
452	0,11
453	0,11
454	0,11
455	0
456	0,11
457	0
458	0,11
459	0,11
460	0,11
461	0,11
462	0
463	0,11
464	0,11
465	0,11
466	0,11
467	0,11
468	0
469	0,11
470	0,11
471	0,11
472	0
473	0
474	0,11
475	0,11
476	0,11
477	0
478	0,11
479	0,11
480	0,11
481	0,11
482	0
483	0,11
484	0,11
485	0
486	0
487	0,11
488	0,11
489	0,11
490	0,11
491	0,11
492	0,11
493	0,11
494	0,11
495	0
496	0,11
497	0,11
498	0,11
499	0,11
500	0,11
501	0,11
502	0,11
503	0,11
504	0,11
505	0,11
506	0,11
507	0,11
508	0,11
509	0,11
510	0,11
511	0,11
512	0,11
513	0,11
514	0,11
515	0,11
516	0
517	0,11
518	0,11
519	0,11
520	0,11
521	0,11
522	0,11
523	0,11
524	0,11
525	0,11
526	0,11
527	0,11
528	0,11
529	0,11
530	0,11
531	0,11
532	0,11
533	0,11
534	0,11
535	0
536	0,11
537	0,11
538	0,11
539	0,11
540	0
541	0,11
542	0,11
543	0,11
544	0,11
545	0,11
546	0
547	0,11
548	0,11
549	0,11
550	0,11
551	0,11
552	0,11
553	0,11
554	0,11
555	0,11
556	0,11
557	0,11
558	0,11
559	0
560	0,11
561	0,11
562	0,11
563	0,11
564	0
565	0,11
566	0,11
567	0,11
568	0,11
569	0,11
570	0,11
571	0,11
572	0
573	0
574	0,11
575	0
576	0,11
577	0
578	0,11
579	0,11
580	0,11
581	0,11
582	0,11
583	0,11
584	0,11
585	0,11
586	0,11
587	0,11
588	0,11
589	0,11
590	0
591	0,11
592	0,11
593	0
594	0,11
595	0,11
596	0
597	0,11
598	0,11
599	0,11
600	0,11
601	0,11
602	0,11
603	0,11
604	0,11
605	0,11
606	0,11
607	0,11
608	0,11
609	0,11
610	0,11
611	0,11
612	0
613	0,11
614	0,11
615	0,11
616	0,11
617	0,11
618	0
619	0,11
620	0,11
621	0,11
622	0
623	0,11
624	0,11
625	0,11
626	0,11
627	0,11
628	0,11
629	0,11
630	0,11
631	0,11
632	0,11
633	0,11
634	0,11
635	0,11
636	0,11
637	0,11
638	0,11
639	0,11
640	0,11
641	0,11
642	0,11
643	0,11
644	0,11
645	0,11
646	0,11
647	0,11
648	0,11
649	0,11
650	0,11
651	0,11
652	0,11
653	0
654	0,11
655	0,11
656	0,11
657	0,11
658	0,11
659	0,11
660	0,11
661	0,11
662	0,11
663	0,11
664	0,11
665	0,11
666	0,11
667	0,11
668	0
669	0
670	0
671	0,11
672	0,11
673	0,11
674	0,11
675	0,11
676	0,11
677	0,11
678	0
679	0,11
680	0,11
681	0,11
682	0
683	0,11
684	0,11
685	0,11
686	0
687	0,11
688	0,11
689	0,11
690	0,11
691	0,11
692	0,11
693	0,11
694	0,11
695	0,11
696	0,11
697	0,11
698	0
699	0,11
700	0,11
701	0,11
702	0,11
703	0
704	0
705	0
706	0,11
707	0,11
708	0,11
709	0,11
710	0,11
711	0
712	0,11
713	0,11
714	0,11
715	0,11
716	0,11
717	0,11
718	0,11
719	0,11
720	0,11
721	0,11
722	0,11
723	0
724	0,11
725	0,11
726	0,11
727	0,11
728	0,11
729	0,11
730	0,11
731	0,11
732	0
733	0,11
734	0,11
735	0
736	0,11
737	0,11
738	0,11
739	0,11
740	0,11
741	0,11
742	0,11
743	0,11
744	0,11
745	0,11
746	0
747	0,11
748	0
749	0,11
750	0,11
751	0
752	0,11
753	0,11
754	0,11
755	0
756	0,11
757	0,11
758	0,11
759	0,11
760	0,11
761	0
762	0,11
763	0
764	0,11
765	0,11
766	0,11
767	0,11
768	0
769	0,11
770	0,11
771	0,11
772	0,11
773	0,11
774	0,11
775	0,11
776	0,11
777	0,11
778	0,11
779	0,11
780	0,11
781	0,11
782	0,11
783	0,11
784	0
785	0
786	0,11
787	0,11
788	0
789	0,11
790	0,11
791	0
792	0,11
793	0,11
794	0,11
795	0,11
796	0,11
797	0,11
798	0,11
799	0,11
800	0,11
801	0,11
802	0,11
803	0,11
804	0,11
805	0,11
806	0,11
807	0,11
808	0,11
809	0,11
810	0,11
811	0,11
812	0
813	0,11
814	0,11
815	0,11
816	0
817	0,11
818	0,11
819	0,11
820	0,11
821	0,11
822	0,11
823	0,11
824	0,11
825	0,11
826	0
827	0,11
828	0,11
829	0,11
830	0,11
831	0,11
832	0,11
833	0,11
834	0,11
835	0
836	0,11
837	0,11
838	0,11
839	0,11
840	0,11
841	0,11
842	0,11
843	0,11
844	0,11
845	0
846	0,11
847	0,11
848	0,11
849	0,11
850	0,11
851	0,11
852	0
853	0,11
854	0,11
855	0
856	0,11
857	0,11
858	0,11
859	0
860	0,11
861	0,11
862	0,11
863	0,11
864	0,11
865	0,11
866	0
867	0,11
868	0,11
869	0,11
870	0
871	0,11
872	0,11
873	0
874	0,11
875	0,11
876	0,11
877	0,11
878	0,11
879	0,11
880	0,11
881	0
882	0,11
883	0,11
884	0
885	0,11
886	0,11
887	0,11
888	0,11
889	0,11
890	0,11
891	0,11
892	0
893	0
894	0,11
895	0
896	0,11
897	0,11
898	0,11
899	0,11
900	0,11
901	0,11
902	0,11
903	0,11
904	0,11
905	0,11
906	0,11
907	0,11
908	0,11
909	0,11
910	0,11
911	0,11
912	0,11
913	0,11
914	0,11
915	0,11
916	0,11
917	0
918	0,11
919	0
920	0,11
921	0,11
922	0,11
923	0,11
924	0
925	0,11
926	0
927	0,11
928	0,11
929	0,11
930	0,11
931	0
932	0,11
933	0
934	0
935	0,11
936	0,11
937	0,11
938	0
939	0
940	0,11
941	0,11
942	0,11
943	0
944	0,11
945	0,11
946	0,11
947	0,11
948	0,11
949	0,11
950	0,11
951	0
952	0,11
953	0
954	0,11
955	0,11
956	0
957	0,11
958	0,11
959	0
960	0,11
961	0,11
962	0,11
963	0,11
964	0,11
965	0,11
966	0
967	0
968	0,11
969	0,11
970	0,11
971	0,11
972	0
973	0,11
974	0
975	0,11
976	0,11
977	0,11
978	0,11
979	0
980	0,11
981	0,11
982	0,11
983	0,11
984	0,11
985	0,11
986	0,11
987	0
988	0,11
989	0,11
990	0,11
991	0
992	0,11
993	0,11
994	0,11
995	0,11
996	0,11
997	0,11
998	0,11
999	0,11
1000	0
1001	0,11
1002	0,11
1003	0,11
1004	0,11
1005	0,11
1006	0,11
1007	0,11
1008	0,11
1009	0,11
1010	0,11
1011	0,11
1012	0
1013	0,11
1014	0,11
1015	0,11
1016	0,11
1017	0,11
1018	0,11
1019	0,11
1020	0,11
1021	0,11
1022	0,11
1023	0,11
1024	0,11
1025	0,11
1026	0,11
1027	0,11
1028	0,11
1029	0,11
1030	0
1031	0,11
1032	0,11
1033	0,11
1034	0,11
1035	0,11
1036	0,11
1037	0,11
1038	0,11
1039	0,11
1040	0,11
1041	0,11
1042	0,11
1043	0,11
1044	0,11
1045	0,11
1046	0
1047	0,11
1048	0,11
1049	0,11
1050	0,11
1051	0,11
1052	0
1053	0,11
1054	0
1055	0
1056	0,11
1057	0,11
1058	0
1059	0,11
1060	0,11
1061	0,11
1062	0
1063	0,11
1064	0,11
1065	0,11
1066	0,11
1067	0,11
1068	0
1069	0,11
1070	0,11
1071	0
1072	0,11
1073	0,11
1074	0,11
1075	0,11
1076	0,11
1077	0,11
1078	0,11
1079	0,11
1080	0
1081	0,11
1082	0,11
1083	0,11
1084	0
1085	0,11
1086	0,11
1087	0,11
1088	0,11
1089	0,11
1090	0,11
1091	0,11
1092	0
1093	0
1094	0,11
1095	0,11
1096	0,11
1097	0
1098	0,11
1099	0,11
1100	0,11
1101	0,11
1102	0,11
1103	0,11
1104	0,11
1105	0,11
1106	0,11
1107	0,11
1108	0,11
1109	0,11
1110	0,11
1111	0,11
1112	0,11
1113	0,11
1114	0,11
1115	0
1116	0,11
1117	0,11
1118	0,11
1119	0,11
1120	0,11
1121	0,11
1122	0,11
1123	0,11
1124	0,11
1125	0,11
1126	0,11
1127	0,11
1128	0,11
1129	0,11
1130	0,11
1131	0,11
1132	0
1133	0,11
1134	0
1135	0,11
1136	0,11
1137	0,11
1138	0
1139	0,11
1140	0
1141	0,11
1142	0,11
1143	0,11
1144	0,11
1145	0,11
1146	0
1147	0,11
1148	0
1149	0,11
1150	0,11
1151	0,11
1152	0,11
1153	0,11
1154	0,11
1155	0,11
1156	0,11
1157	0,11
1158	0,11
1159	0,11
1160	0
1161	0,11
1162	0,11
1163	0,11
1164	0
1165	0,11
1166	0,11
1167	0,11
1168	0,11
1169	0,11
1170	0,11
1171	0,11
1172	0,11
1173	0,11
1174	0,11
1175	0,11
1176	0,11
1177	0,11
1178	0,11
1179	0,11
1180	0,11
1181	0,11
1182	0,11
1183	0,11
1184	0,11
1185	0,11
1186	0
1187	0,11
1188	0,11
1189	0
1190	0,11
1191	0,11
1192	0,11
1193	0
1194	0,11
1195	0,11
1196	0,11
1197	0,11
1198	0,11
1199	0
1200	0,11
1201	0
1202	0,11
1203	0,11
1204	0
1205	0,11
1206	0
1207	0,11
1208	0,11
1209	0,11
1210	0,11
1211	0,11
1212	0,11
1213	0
1214	0,11
1215	0,11
1216	0,11
1217	0,11
1218	0,11
1219	0,11
1220	0,11
1221	0,11
1222	0,11
1223	0,11
1224	0,11
1225	0,11
1226	0,11
1227	0,11
1228	0,11
1229	0,11
1230	0,11
1231	0
1232	0,11
1233	0,11
1234	0,11
1235	0,11
1236	0,11
1237	0,11
1238	0,11
1239	0,11
1240	0,11
1241	0,11
1242	0,11
1243	0,11
1244	0
1245	0,11
1246	0,11
1247	0,11
1248	0,11
1249	0,11
1250	0,11
1251	0,11
1252	0
1253	0,11
1254	0,11
1255	0,11
1256	0,11
1257	0
1258	0,11
1259	0,11
1260	0,11
1261	0,11
1262	0,11
1263	0,11
1264	0,11
1265	0,11
1266	0,11
1267	0
1268	0,11
1269	0,11
1270	0
1271	0,11
1272	0
1273	0,11
1274	0,11
1275	0,11
1276	0,11
1277	0
1278	0,11
1279	0,11
1280	0,11
1281	0
1282	0
1283	0,11
1284	0,11
1285	0,11
1286	0,11
1287	0,11
1288	0,11
1289	0,11
1290	0,11
1291	0
1292	0
1293	0,11
1294	0,11
1295	0,11
1296	0,11
1297	0,11
1298	0,11
1299	0,11
1300	0,11
1301	0
1302	0
1303	0
1304	0
1305	0,11
1306	0,11
1307	0,11
1308	0,11
1309	0,11
1310	0,11
1311	0,11
1312	0,11
1313	0,11
1314	0
1315	0,11
1316	0
1317	0,11
1318	0,11
1319	0,11
1320	0,11
1321	0,11
1322	0,11
1323	0,11
1324	0,11
1325	0,11
1326	0,11
1327	0,11
1328	0,11
1329	0,11
1330	0,11
1331	0,11
1332	0,11
1333	0,11
1334	0,11
1335	0,11
1336	0
1337	0,11
1338	0,11
1339	0,11
1340	0,11
1341	0,11
1342	0,11
1343	0
1344	0,11
1345	0,11
1346	0
1347	0,11
1348	0
1349	0,11
1350	0
1351	0,11
1352	0,11
1353	0,11
1354	0,11
1355	0,11
1356	0
1357	0
1358	0,11
1359	0,11
1360	0,11
1361	0
1362	0,11
1363	0
1364	0
1365	0,11
1366	0
1367	0,11
1368	0,11
1369	0,11
1370	0
1371	0,11
1372	0,11
1373	0,11
1374	0,11
1375	0,11
1376	0,11
1377	0
1378	0,11
1379	0,11
1380	0,11
1381	0,11
1382	0,11
1383	0,11
1384	0,11
1385	0,11
1386	0
1387	0,11
1388	0,11
1389	0,11
1390	0,11
1391	0,11
1392	0,11
1393	0
1394	0,11
1395	0,11
1396	0,11
1397	0,11
1398	0,11
1399	0,11
1400	0,11
1401	0,11
1402	0,11
1403	0,11
1404	0,11
1405	0
1406	0,11
1407	0,11
1408	0
1409	0,11
1410	0,11
1411	0,11
1412	0,11
1413	0,11
1414	0,11
1415	0,11
1416	0,11
1417	0,11
1418	0,11
1419	0,11
1420	0,11
1421	0,11
1422	0,11
1423	0,11
1424	0,11
1425	0
1426	0,11
1427	0,11
1428	0,11
1429	0,11
1430	0,11
1431	0,11
1432	0,11
1433	0,11
1434	0,11
1435	0,11
1436	0
1437	0,11
1438	0,11
1439	0
1440	0,11
1441	0,11
1442	0,11
1443	0,11
1444	0,11
1445	0
1446	0,11
1447	0,11
1448	0,11
1449	0,11
1450	0
1451	0
1452	0,11
1453	0
1454	0,11
1455	0,11
1456	0,11
1457	0,11
1458	0,11
1459	0,11
1460	0
1461	0,11
1462	0,11
1463	0
1464	0
1465	0,11
1466	0,11
1467	0
1468	0,11
1469	0,11
1470	0,11
1471	0,11
1472	0,11
1473	0,11
1474	0,11
1475	0,11
1476	0,11
1477	0,11
1478	0,11
1479	0,11
1480	0,11
1481	0,11
1482	0
1483	0,11
1484	0,11
1485	0,11
1486	0
1487	0,11
1488	0,11
1489	0,11
1490	0
1491	0
1492	0,11
1493	0
1494	0,11
1495	0,11
1496	0,11
1497	0,11
1498	0,11
1499	0,11
1500	0,11
1501	0,11
1502	0
1503	0,11
1504	0,11
1505	0,11
1506	0,11
1507	0,11
1508	0,11
1509	0
1510	0,11
1511	0,11
1512	0,11
1513	0
1514	0,11
1515	0,11
1516	0
1517	0,11
1518	0,11
1519	0,11
1520	0,11
1521	0,11
1522	0,11
1523	0,11
1524	0,11
1525	0,11
1526	0
1527	0,11
1528	0,11
1529	0,11
1530	0,11
1531	0
1532	0,11
1533	0
1534	0,11
1535	0,11
1536	0,11
1537	0
1538	0,11
1539	0,11
1540	0,11
1541	0,11
1542	0,11
1543	0
1544	0,11
1545	0,11
1546	0,11
1547	0,11
1548	0,11
1549	0,11
1550	0,11
1551	0,11
1552	0,11
1553	0,11
1554	0,11
1555	0,11
1556	0,11
1557	0,11
1558	0,11
1559	0,11
1560	0,11
1561	0,11
1562	0
1563	0,11
1564	0,11
1565	0,11
1566	0,11
1567	0
1568	0,11
1569	0,11
1570	0,11
1571	0,11
1572	0,11
1573	0,11
1574	0,11
1575	0,11
1576	0,11
1577	0
1578	0,11
1579	0,11
1580	0,11
1581	0,11
1582	0
1583	0,11
1584	0,11
1585	0,11
1586	0,11
1587	0,11
1588	0,11
1589	0,11
1590	0,11
1591	0,11
1592	0
1593	0,11
1594	0,11
1595	0,11
1596	0,11
1597	0
1598	0,11
1599	0,11
1600	0,11
1601	0,11
1602	0
1603	0,11
1604	0,11
1605	0,11
1606	0,11
1607	0,11
1608	0,11
1609	0,11
1610	0,11
1611	0,11
1612	0
1613	0,11
1614	0,11
1615	0
1616	0,11
1617	0,11
1618	0
1619	0,11
1620	0,11
1621	0,11
1622	0,11
1623	0,11
1624	0,11
1625	0,11
1626	0,11
1627	0,11
1628	0,11
1629	0,11
1630	0,11
1631	0,11
1632	0
1633	0,11
1634	0
1635	0,11
1636	0,11
1637	0
1638	0,11
1639	0,11
1640	0,11
1641	0,11
1642	0,11
1643	0
1644	0,11
1645	0,11
1646	0,11
1647	0,11
1648	0,11
1649	0,11
1650	0,11
1651	0,11
1652	0,11
1653	0
1654	0,11
1655	0,11
1656	0,11
1657	0,11
1658	0,11
1659	0,11
1660	0
1661	0,11
1662	0,11
1663	0,11
1664	0,11
1665	0,11
1666	0,11
1667	0
1668	0,11
1669	0,11
1670	0,11
1671	0,11
1672	0,11
1673	0,11
1674	0,11
1675	0,11
1676	0,11
1677	0,11
1678	0
1679	0,11
1680	0,11
1681	0,11
1682	0,11
1683	0
1684	0,11
1685	0,11
1686	0,11
1687	0,11
1688	0
1689	0,11
1690	0,11
1691	0
1692	0
1693	0,11
1694	0,11
1695	0,11
1696	0,11
1697	0,11
1698	0,11
1699	0,11
1700	0,11
1701	0,11
1702	0,11
1703	0,11
1704	0
1705	0
1706	0,11
1707	0
1708	0
1709	0
1710	0,11
1711	0,11
1712	0,11
1713	0,11
1714	0,11
1715	0,11
1716	0,11
1717	0,11
1718	0,11
1719	0
1720	0,11
1721	0,11
1722	0,11
1723	0
1724	0,11
1725	0,11
1726	0,11
1727	0,11
1728	0,11
1729	0,11
1730	0,11
1731	0,11
1732	0
1733	0,11
1734	0,11
1735	0,11
1736	0,11
1737	0,11
1738	0
1739	0,11
1740	0,11
1741	0
1742	0,11
1743	0,11
1744	0,11
1745	0,11
1746	0,11
1747	0,11
1748	0,11
1749	0,11
1750	0,11
1751	0,11
1752	0,11
1753	0
1754	0,11
1755	0,11
1756	0,11
1757	0,11
1758	0,11
1759	0,11
1760	0,11
1761	0,11
1762	0,11
1763	0,11
1764	0,11
1765	0,11
1766	0
1767	0,11
1768	0,11
1769	0,11
1770	0,11
1771	0,11
1772	0
1773	0
1774	0,11
1775	0
1776	0,11
1777	0,11
1778	0
1779	0,11
1780	0,11
1781	0,11
1782	0
1783	0,11
1784	0,11
1785	0,11
1786	0,11
1787	0,11
1788	0,11
1789	0
1790	0,11
1791	0,11
1792	0,11
1793	0,11
1794	0,11
1795	0,11
1796	0,11
1797	0,11
1798	0,11
1799	0,11
1800	0,11
1801	0,11
1802	0,11
1803	0,11
1804	0,11
1805	0
1806	0,11
1807	0,11
1808	0,11
1809	0,11
1810	0,11
1811	0,11
1812	0,11
1813	0,11
1814	0,11
1815	0
1816	0,11
1817	0
1818	0,11
1819	0,11
1820	0
1821	0
1822	0,11
1823	0,11
1824	0
1825	0,11
1826	0
1827	0,11
1828	0,11
1829	0,11
1830	0,11
1831	0,11
1832	0,11
1833	0,11
1834	0,11
1835	0,11
1836	0,11
1837	0
1838	0,11
1839	0,11
1840	0,11
1841	0,11
1842	0
1843	0,11
1844	0,11
1845	0,11
1846	0,11
1847	0
1848	0,11
1849	0,11
1850	0
1851	0,11
1852	0,11
1853	0,11
1854	0,11
1855	0,11
1856	0,11
1857	0
1858	0,11
1859	0,11
1860	0
1861	0,11
1862	0,11
1863	0,11
1864	0,11
1865	0,11
1866	0,11
1867	0,11
1868	0,11
1869	0,11
1870	0,11
1871	0,11
1872	0,11
1873	0,11
1874	0,11
1875	0,11
1876	0,11
1877	0
1878	0,11
1879	0,11
1880	0
1881	0,11
1882	0,11
1883	0,11
1884	0,11
1885	0
1886	0,11
1887	0,11
1888	0,11
1889	0,11
1890	0,11
1891	0
1892	0,11
1893	0,11
1894	0
1895	0,11
1896	0,11
1897	0,11
1898	0,11
1899	0,11
1900	0,11
1901	0,11
1902	0,11
1903	0
1904	0
1905	0,11
1906	0
1907	0
1908	0,11
1909	0,11
1910	0,11
1911	0
1912	0,11
1913	0,11
1914	0,11
1915	0,11
1916	0,11
1917	0,11
1918	0,11
1919	0,11
1920	0,11
1921	0,11
1922	0
1923	0,11
1924	0
1925	0,11
1926	0,11
1927	0,11
1928	0,11
1929	0
1930	0,11
1931	0
1932	0,11
1933	0
1934	0,11
1935	0
1936	0,11
1937	0
1938	0,11
1939	0,11
1940	0,11
1941	0,11
1942	0,11
1943	0,11
1944	0
1945	0,11
1946	0,11
1947	0
1948	0,11
1949	0,11
1950	0,11
1951	0,11
1952	0,11
1953	0,11
1954	0
1955	0,11
1956	0,11
1957	0,11
1958	0
1959	0,11
1960	0,11
1961	0
1962	0,11
1963	0,11
1964	0,11
1965	0
1966	0
1967	0,11
1968	0,11
1969	0,11
1970	0,11
1971	0,11
1972	0,11
1973	0,11
1974	0,11
1975	0,11
1976	0,11
1977	0,11
1978	0
1979	0,11
1980	0,11
1981	0,11
1982	0,11
1983	0,11
1984	0,11
1985	0,11
1986	0,11
1987	0,11
1988	0,11
1989	0
1990	0,11
1991	0,11
1992	0,11
1993	0,11
1994	0,11
1995	0,11
1996	0,11
1997	0,11
1998	0,11
1999	0,11
2000	0,11
2001	0,11
2002	0
2003	0,11
2004	0,11
2005	0,11
2006	0
2007	0,11
2008	0,11
2009	0,11
2010	0,11
2011	0,11
2012	0,11
2013	0,11
2014	0,11
2015	0,11
2016	0,11
2017	0,11
2018	0,11
2019	0,11
2020	0,11
2021	0,11
2022	0,11
2023	0,11
2024	0,11
2025	0,11
2026	0,11
2027	0,11
2028	0,11
2029	0,11
2030	0,11
2031	0,11
2032	0,11
2033	0,11
2034	0,11
2035	0
2036	0,11
2037	0
2038	0,11
2039	0,11
2040	0,11
2041	0,11
2042	0,11
2043	0
2044	0
2045	0,11
2046	0,11
2047	0
2048	0,11
2049	0
2050	0,11
2051	0,11
2052	0,11
2053	0,11
2054	0,11
2055	0,11
2056	0,11
2057	0,11
2058	0,11
2059	0,11
2060	0
2061	0,11
2062	0,11
2063	0,11
2064	0,11
2065	0,11
2066	0
2067	0,11
2068	0,11
2069	0,11
2070	0,11
2071	0
2072	0,11
2073	0,11
2074	0,11
2075	0,11
2076	0,11
2077	0,11
2078	0
2079	0,11
2080	0,11
2081	0,11
2082	0
2083	0,11
2084	0,11
2085	0,11
2086	0,11
2087	0,11
2088	0,11
2089	0,11
2090	0,11
2091	0,11
2092	0,11
2093	0,11
2094	0,11
2095	0
2096	0,11
2097	0,11
2098	0,11
2099	0,11
2100	0,11
2101	0,11
2102	0,11
2103	0,11
2104	0,11
2105	0,11
2106	0,11
2107	0,11
2108	0,11
2109	0
2110	0,11
2111	0,11
2112	0,11
2113	0,11
2114	0,11
2115	0,11
2116	0,11
2117	0,11
2118	0,11
2119	0,11
2120	0,11
2121	0,11
2122	0
2123	0
2124	0,11
2125	0,11
2126	0,11
2127	0,11
2128	0
2129	0,11
2130	0,11
2131	0,11
2132	0
2133	0,11
2134	0
2135	0
2136	0
2137	0,11
2138	0,11
2139	0,11
2140	0,11
2141	0,11
2142	0,11
2143	0,11
2144	0,11
2145	0
2146	0,11
2147	0
2148	0,11
2149	0,11
2150	0,11
2151	0,11
2152	0,11
2153	0,11
2154	0,11
2155	0,11
2156	0,11
2157	0,11
2158	0,11
2159	0,11
2160	0,11
2161	0,11
2162	0,11
2163	0
2164	0,11
2165	0,11
2166	0
2167	0,11
2168	0,11
2169	0,11
2170	0,11
2171	0,11
2172	0,11
2173	0
2174	0,11
2175	0,11
2176	0,11
2177	0
2178	0,11
2179	0,11
2180	0
2181	0,11
2182	0,11
2183	0,11
2184	0,11
2185	0,11
2186	0,11
2187	0
2188	0,11
2189	0
2190	0
2191	0,11
2192	0
2193	0,11
2194	0,11
2195	0
2196	0,11
2197	0,11
2198	0,11
2199	0,11
2200	0,11
2201	0,11
2202	0,11
2203	0,11
2204	0,11
2205	0
2206	0,11
2207	0,11
2208	0,11
2209	0,11
2210	0,11
2211	0,11
2212	0,11
2213	0,11
2214	0,11
2215	0,11
2216	0
2217	0,11
2218	0,11
2219	0,11
2220	0,11
2221	0,11
2222	0,11
2223	0,11
2224	0,11
2225	0,11
2226	0,11
2227	0,11
2228	0,11
2229	0,11
2230	0,11
2231	0,11
2232	0,11
2233	0,11
2234	0
2235	0,11
2236	0,11
2237	0,11
2238	0
2239	0
2240	0,11
2241	0,11
2242	0
2243	0,11
2244	0
2245	0,11
2246	0,11
2247	0
2248	0,11
2249	0,11
2250	0,11
2251	0,11
2252	0,11
2253	0
2254	0
2255	0
2256	0,11
2257	0
2258	0,11
2259	0,11
2260	0,11
2261	0,11
2262	0,11
2263	0,11
2264	0,11
2265	0,11
2266	0
2267	0,11
2268	0,11
2269	0
2270	0,11
2271	0
2272	0,11
2273	0
2274	0,11
2275	0,11
2276	0,11
2277	0,11
2278	0,11
2279	0,11
2280	0
2281	0,11
2282	0,11
2283	0,11
2284	0,11
2285	0,11
2286	0
2287	0,11
2288	0,11
2289	0,11
2290	0,11
2291	0
2292	0
2293	0,11
2294	0,11
2295	0,11
2296	0
2297	0,11
2298	0
2299	0
2300	0
2301	0,11
2302	0
2303	0,11
2304	0,11
2305	0,11
2306	0,11
2307	0,11
2308	0,11
2309	0,11
2310	0
2311	0,11
2312	0
2313	0,11
2314	0
2315	0,11
2316	0,11
2317	0,11
2318	0,11
2319	0,11
2320	0,11
2321	0,11
2322	0,11
2323	0,11
2324	0,11
2325	0,11
2326	0,11
2327	0
2328	0,11
2329	0,11
2330	0,11
2331	0
2332	0
2333	0,11
2334	0,11
2335	0,11
2336	0,11
2337	0,11
2338	0,11
2339	0,11
2340	0,11
2341	0,11
2342	0,11
2343	0,11
2344	0,11
2345	0,11
2346	0,11
2347	0,11
2348	0,11
2349	0
2350	0,11
2351	0,11
2352	0,11
2353	0
2354	0,11
2355	0,11
2356	0,11
2357	0
2358	0
2359	0,11
2360	0,11
2361	0,11
2362	0
2363	0,11
2364	0
2365	0
2366	0
2367	0
2368	0
2369	0,11
2370	0,11
2371	0
2372	0,11
2373	0,11
2374	0,11
2375	0,11
2376	0,11
2377	0,11
2378	0,11
2379	0
2380	0,11
2381	0,11
2382	0,11
2383	0,11
2384	0,11
2385	0,11
2386	0
2387	0,11
2388	0,11
2389	0,11
2390	0,11
2391	0,11
2392	0,11
2393	0,11
2394	0,11
2395	0,11
2396	0
2397	0,11
2398	0,11
2399	0
2400	0,11
2401	0
2402	0,11
2403	0,11
2404	0,11
2405	0,11
2406	0,11
2407	0,11
2408	0
2409	0,11
2410	0,11
2411	0
2412	0
2413	0,11
2414	0,11
2415	0
2416	0
2417	0,11
2418	0,11
2419	0,11
2420	0,11
2421	0,11
2422	0,11
2423	0,11
2424	0,11
2425	0,11
2426	0,11
2427	0
2428	0,11
2429	0,11
2430	0,11
2431	0,11
2432	0
2433	0,11
2434	0,11
2435	0,11
2436	0
2437	0,11
2438	0,11
2439	0,11
2440	0,11
2441	0,11
2442	0,11
2443	0,11
2444	0,11
2445	0,11
2446	0,11
2447	0
2448	0,11
2449	0,11
2450	0,11
2451	0,11
2452	0,11
2453	0,11
2454	0
2455	0
2456	0,11
2457	0,11
2458	0,11
2459	0
2460	0
2461	0,11
2462	0,11
2463	0,11
2464	0,11
2465	0
2466	0,11
2467	0,11
2468	0
2469	0,11
2470	0,11
2471	0
2472	0,11
2473	0,11
2474	0
2475	0
2476	0,11
2477	0,11
2478	0,11
2479	0,11
2480	0,11
2481	0,11
2482	0,11
2483	0,11
2484	0,11
2485	0,23
2486	0,23
2487	0,23
2488	0,23
2489	0,23
2490	0,23
2491	0,23
2492	0,23
2493	0,23
2494	0,23
2495	0,23
2496	0,23
2497	0,23
2498	0,23
2499	0,23
2500	0,23
2501	0,23
2502	0,23
2503	0,23
2504	0,23
2505	0,23
2506	0,23
2507	0,23
2508	0,23
2509	0,23
2510	0,23
2511	0,35
2512	0,35
2513	0,35
2514	0,35
2515	0,35
2516	0,35
2517	0,35
2518	0,35
2519	0,35
2520	0,35
2521	0,35
2522	0,35
2523	0,35
2524	0,35
2525	0,35
2526	1,26
2527	1,49
2528	1,61
2529	1,84
2530	1,95
2531	2,19
2532	2,3
2533	2,42
2534	2,42
2535	2,53
2536	2,64
2537	2,76
2538	2,76
2539	2,87
2540	2,87
2541	2,99
2542	2,99
2543	2,99
2544	2,99
2545	2,99
2546	2,99
2547	2,99
2548	3,11
2549	3,11
2550	3,11
2551	3,11
2552	3,22
2553	3,22
2554	3,11
2555	3,22
2556	3,11
2557	3,22
2558	3,22
2559	3,22
2560	3,22
2561	3,22
2562	3,22
2563	3,22
2564	3,22
2565	3,22
2566	3,22
2567	3,22
2568	3,22
2569	3,22
2570	3,11
2571	3,22
2572	3,11
2573	3,11
2574	3,11
2575	3,11
2576	3,11
2577	3,11
2578	3,11
2579	3,11
2580	3,11
2581	3,11
2582	3,22
2583	3,11
2584	3,22
2585	3,22
2586	3,11
2587	3,22
2588	3,22
2589	3,11
2590	3,22
2591	3,11
2592	3,11
2593	3,11
2594	3,11
2595	3,22
2596	3,22
2597	3,22
2598	3,11
2599	3,11
2600	3,22
2601	3,11
2602	2,99
2603	3,11
2604	3,11
2605	3,68
2606	3,56
2607	3,56
2608	3,68
2609	3,68
2610	3,68
2611	3,56
2612	3,68
2613	3,79
2614	3,68
2615	3,68
2616	3,68
2617	3,79
2618	3,79
2619	3,79
2620	3,79
2621	3,91
2622	3,68
2623	3,33
2624	3,33
2625	3,33
2626	3,33
2627	3,45
2628	3,45
2629	3,33
2630	3,33
2631	3,45
2632	3,45
2633	3,45
2634	3,45
2635	3,45
2636	3,45
2637	3,45
2638	3,33
2639	3,45
2640	3,45
2641	3,45
2642	3,56
2643	3,56
2644	3,56
2645	3,68
2646	3,56
2647	3,56
2648	3,45
2649	3,68
2650	3,68
2651	3,68
2652	3,79
2653	3,79
2654	3,79
2655	3,79
2656	3,79
2657	3,91
2658	3,91
2659	3,91
2660	3,91
2661	3,91
2662	3,91
2663	4,02
2664	3,79
2665	3,91
2666	3,91
2667	3,91
2668	3,91
2669	4,02
2670	4,02
2671	3,91
2672	4,02
2673	4,02
2674	4,02
2675	4,02
2676	4,02
2677	4,02
2678	4,02
2679	4,02
2680	1,95
2681	1,61
2682	1,49
2683	1,61
2684	1,49
2685	1,61
2686	1,61
2687	1,61
2688	1,61
2689	1,61
2690	1,72
2691	1,84
2692	1,84
2693	1,84
2694	1,95
2695	1,95
2696	1,95
2697	2,07
2698	2,19
2699	2,19
2700	2,3
2701	2,3
2702	2,3
2703	2,3
2704	2,42
2705	2,53
2706	2,53
2707	2,53
2708	2,53
2709	2,53
2710	2,42
2711	2,42
2712	2,3
2713	2,3
2714	2,3
2715	2,19
2716	2,19
2717	2,19
2718	2,19
2719	2,19
2720	2,19
2721	2,19
2722	2,19
2723	2,19
2724	2,19
2725	2,19
2726	2,19
2727	2,07
2728	2,19
2729	2,19
2730	2,19
2731	2,3
2732	2,3
2733	2,3
2734	2,42
2735	2,42
2736	2,42
2737	2,42
2738	2,42
2739	2,42
2740	2,53
2741	2,53
2742	2,64
2743	2,64
2744	2,76
2745	2,76
2746	2,76
2747	2,87
2748	2,99
2749	2,99
2750	3,11
2751	3,11
2752	3,22
2753	3,22
2754	3,33
2755	3,33
2756	3,33
2757	3,45
2758	3,45
2759	3,45
2760	3,45
2761	3,45
2762	3,45
2763	3,45
2764	3,56
2765	3,56
2766	3,56
2767	3,56
2768	3,56
2769	3,56
2770	3,56
2771	3,68
2772	3,68
2773	3,68
2774	3,68
2775	3,68
2776	3,68
2777	3,68
2778	3,68
2779	3,68
2780	3,79
2781	3,79
2782	3,79
2783	3,79
2784	3,79
2785	3,79
2786	3,91
2787	3,91
2788	4,02
2789	4,14
2790	4,14
2791	4,25
2792	4,37
2793	4,48
2794	4,6
2795	4,83
2796	4,94
2797	4,94
2798	5,17
2799	5,29
2800	5,29
2801	5,4
2802	5,52
2803	5,52
2804	5,52
2805	5,63
2806	5,63
2807	5,75
2808	5,86
2809	5,98
2810	5,98
2811	5,98
2812	5,98
2813	5,98
2814	5,98
2815	5,98
2816	5,98
2817	5,98
2818	5,86
2819	5,86
2820	5,98
2821	6,09
2822	6,09
2823	6,21
2824	6,32
2825	6,67
2826	6,9
2827	7,01
2828	7,13
2829	7,36
2830	7,47
2831	7,59
2832	7,59
2833	7,59
2834	7,59
2835	7,59
2836	7,7
2837	7,7
2838	7,7
2839	7,82
2840	7,82
2841	7,93
2842	8,05
2843	8,05
2844	8,05
2845	8,05
2846	8,05
2847	8,16
2848	8,16
2849	8,28
2850	8,28
2851	8,28
2852	8,28
2853	8,28
2854	8,16
2855	7,93
2856	7,82
2857	7,82
2858	7,7
2859	7,7
2860	7,59
2861	7,59
2862	7,47
2863	7,36
2864	7,36
2865	7,24
2866	7,24
2867	7,13
2868	7,13
2869	7,24
2870	7,36
2871	7,47
2872	7,7
2873	7,7
2874	7,82
2875	7,7
2876	7,7
2877	7,7
2878	7,59
2879	7,59
2880	7,59
2881	7,59
2882	7,59
2883	7,59
2884	7,7
2885	7,82
2886	7,93
2887	8,05
2888	8,28
2889	8,39
2890	8,62
2891	8,85
2892	9,08
2893	9,43
2894	9,66
2895	10,01
2896	10,01
2897	10,23
2898	10,35
2899	10,46
2900	10,69
2901	10,69
2902	10,81
2903	10,81
2904	10,81
2905	10,81
2906	10,58
2907	10,46
2908	10,58
2909	10,69
2910	10,69
2911	10,58
2912	10,58
2913	10,69
2914	10,81
2915	11,15
2916	11,38
2917	11,5
2918	11,38
2919	11,27
2920	10,92
2921	10,46
2922	10,46
2923	10,69
2924	11,15
2925	11,38
2926	11,5
2927	11,61
2928	11,96
2929	11,96
2930	11,73
2931	11,73
2932	11,73
2933	11,73
2934	11,61
2935	11,73
2936	11,96
2937	12,3
2938	12,53
2939	12,88
2940	13,22
2941	13,57
2942	13,91
2943	14,26
2944	14,37
2945	14,37
2946	14,37
2947	14,37
2948	14,37
2949	14,72
2950	14,95
2951	15,41
2952	15,64
2953	15,98
2954	16,33
2955	16,67
2956	17,02
2957	17,36
2958	17,59
2959	17,82
2960	18,4
2961	18,97
2962	19,43
2963	19,89
2964	20,35
2965	20,7
2966	21,04
2967	21,62
2968	21,96
2969	22,31
2970	22,54
2971	22,77
2972	22,77
2973	22,65
2974	22,88
2975	23,34
2976	23,92
2977	24,15
2978	24,49
2979	24,49
2980	24,61
2981	24,61
2982	24,61
2983	24,61
2984	24,84
2985	25,18
2986	25,41
2987	26,1
2988	26,79
2989	27,6
2990	28,52
2991	29,44
2992	29,9
2993	30,47
2994	31,05
2995	31,39
2996	31,62
2997	31,74
2998	31,85
2999	31,97
3000	32,2
3001	32,2
3002	31,62
3003	31,05
3004	30,82
3005	30,82
3006	31,05
3007	31,39
3008	31,85
3009	32,31
3010	32,66
3011	33,23
3012	33,23
3013	32,66
3014	32,2
3015	32,54
3016	33,69
3017	34,04
3018	33,46
3019	32,54
3020	31,85
3021	31,74
3022	31,62
3023	31,97
3024	32,08
3025	31,97
3026	31,97
3027	32,54
3028	32,89
3029	33
3030	33,23
3031	33,69
3032	34,04
3033	34,04
3034	34,38
3035	34,61
3036	35,07
3037	35,77
3038	36,57
3039	37,37
3040	38,41
3041	39,21
3042	38,87
3043	37,72
3044	36,92
3045	36,68
3046	36,68
3047	36,34
3048	36,45
3049	36,68
3050	37,49
3051	38,06
3052	38,18
3053	38,64
3054	38,87
3055	39,21
3056	40,02
3057	40,13
3058	39,68
3059	39,33
3060	39,33
3061	38,87
3062	38,29
3063	37,61
3064	37,14
3065	36,92
3066	36,11
3067	34,84
3068	33,58
3069	32,54
3070	31,74
3071	31,39
3072	30,93
3073	30,47
3074	29,44
3075	28,63
3076	28,06
3077	27,6
3078	27,14
3079	27,48
3080	27,83
3081	28,52
3082	28,75
3083	28,63
3084	28,4
3085	28,17
3086	28,17
3087	28,17
3088	28,63
3089	28,98
3090	28,86
3091	29,78
3092	30,01
3093	30,36
3094	30,7
3095	31,05
3096	31,74
3097	32,2
3098	32,43
3099	33
3100	33,58
3101	34,15
3102	34,96
3103	35,31
3104	35,31
3105	34,96
3106	34,73
3107	34,61
3108	34,38
3109	33,93
3110	34,15
3111	35,54
3112	36,45
3113	36,8
3114	37,14
3115	37,72
3116	38,29
3117	39,44
3118	40,82
3119	41,75
3120	41,4
3121	40,13
3122	39,56
3123	40,25
3124	42,32
3125	44,73
3126	47,15
3127	49,79
3128	52,21
3129	53,24
3130	52,9
3131	52,32
3132	52,55
3133	53,24
3134	53,59
3135	54,39
3136	55,77
3137	57,38
3138	58,07
3139	58,3
3140	58,88
3141	58,88
3142	58,88
3143	58,88
3144	57,84
3145	57,73
3146	57,38
3147	56,12
3148	54,62
3149	53,82
3150	53,93
3151	54,39
3152	54,51
3153	54,05
3154	53,93
3155	53,59
3156	52,21
3157	50,94
3158	49,45
3159	48,18
3160	47,95
3161	49,34
3162	48,76
3163	47,61
3164	46,34
3165	43,47
3166	41,28
3167	40,13
3168	39,79
3169	40,02
3170	40,36
3171	40,94
3172	41,28
3173	42,32
3174	42,78
3175	42,66
3176	41,4
3177	40,02
3178	39,1
3179	38,18
3180	38,41
3181	40,02
3182	41,28
3183	41,06
3184	40,02
3185	38,06
3186	36,8
3187	36,8
3188	37,84
3189	38,75
3190	38,75
3191	38,41
3192	37,72
3193	37,03
3194	35,65
3195	34,73
3196	34,73
3197	35,19
3198	35,65
3199	35,65
3200	35,99
3201	36,22
3202	35,07
3203	34,27
3204	33,93
3205	34,04
3206	33,81
3207	33,69
3208	33,93
3209	33,69
3210	33,35
3211	32,89
3212	32,77
3213	33
3214	33,69
3215	33,93
3216	34,61
3217	35,31
3218	35,88
3219	36,45
3220	36,68
3221	36,92
3222	36,57
3223	36,8
3224	37,95
3225	39,44
3226	40,48
3227	40,25
3228	40,94
3229	41,63
3230	42,09
3231	42,2
3232	41,4
3233	41,28
3234	41,51
3235	41,4
3236	40,59
3237	39,44
3238	38,64
3239	38,64
3240	38,29
3241	38,41
3242	38,06
3243	37,03
3244	35,65
3245	34,5
3246	33,35
3247	31,39
3248	29,9
3249	28,29
3250	26,45
3251	24,61
3252	23,11
3253	21,85
3254	20,7
3255	19,78
3256	19,32
3257	18,86
3258	18,74
3259	18,74
3260	19,32
3261	19,78
3262	20,24
3263	20,7
3264	21,16
3265	22,19
3266	23,11
3267	24,15
3268	25,64
3269	26,79
3270	28,4
3271	30,13
3272	31,62
3273	33
3274	35,31
3275	38,75
3276	43,13
3277	48,07
3278	52,55
3279	56
3280	57,96
3281	58,88
3282	58,88
3283	58,88
3284	59,45
3285	58,53
3286	56,35
3287	52,44
3288	47,5
3289	43,35
3290	40,48
3291	38,87
3292	38,18
3293	38,06
3294	38,06
3295	38,06
3296	37,84
3297	37,37
3298	36,8
3299	36,22
3300	35,88
3301	35,88
3302	36,57
3303	38,06
3304	40,25
3305	42,66
3306	45,31
3307	47,72
3308	48,87
3309	49,34
3310	49,34
3311	49,91
3312	51,63
3313	53,82
3314	55,77
3315	57,38
3316	58,19
3317	59,34
3318	60,6
3319	61,52
3320	62,44
3321	63,82
3322	65,66
3323	67,16
3324	66,24
3325	68,65
3326	68,08
3327	67,16
3328	64,86
3329	61,87
3330	59,34
3331	57,84
3332	57,84
3333	59,22
3334	60,26
3335	60,6
3336	60,6
3337	62,21
3338	65,43
3339	68,08
3340	68,88
3341	68,65
3342	68,08
3343	67,27
3344	67,27
3345	67,27
3346	66,7
3347	66,01
3348	64,63
3349	63,02
3350	61,75
3351	61,06
3352	58,99
3353	58,19
3354	61,64
3355	67,62
3356	71,53
3357	74,63
3358	80,84
3359	89,35
3360	89,7
3361	87,63
3362	94,3
3363	114,31
3364	101,54
3365	104,76
3366	105,57
3367	100,51
3368	100,51
3369	101,31
3370	101,89
3371	103,73
3372	94,18
3373	90,73
3374	93,95
3375	100,97
3376	102,46
3377	103,04
3378	104,88
3379	97,98
3380	90,85
3381	88,43
3382	86,71
3383	84,75
3384	81,88
3385	80,96
3386	79,35
3387	79,92
3388	78,54
3389	78,2
3390	81,3
3391	83,83
3392	85,9
3393	87,86
3394	90,04
3395	92,8
3396	97,98
3397	102
3398	100,39
3399	103,04
3400	106,6
3401	110,97
3402	114,31
3403	116,61
3404	117,76
3405	120,17
3406	115
3407	112,93
3408	113,16
3409	117,87
3410	120,06
3411	118,33
3412	107,52
3413	101,77
3414	115
3415	117,76
3416	114,54
3417	111,78
3418	110,05
3419	109,94
3420	110,28
3421	117,99
3422	116,95
3423	122,13
3424	123,62
3425	125,12
3426	124,31
3427	113,16
3428	102,46
3429	109,36
3430	114,54
3431	121,78
3432	125,81
3433	120,63
3434	118,91
3435	120,29
3436	125,92
3437	124,77
3438	129,49
3439	127,07
3440	126,61
3441	123,74
3442	121,44
3443	117,3
3444	120,98
3445	127,99
3446	123,62
3447	119,6
3448	118,79
3449	122,93
3450	119,6
3451	111,89
3452	106,37
3453	111,55
3454	120,17
3455	122,82
3456	122,47
3457	129,49
3458	125
3459	116,84
3460	117,99
3461	116,61
3462	118,33
3463	125,23
3464	125,35
3465	130,98
3466	139,03
3467	139,5
3468	141,68
3469	146,74
3470	149,73
3471	145,36
3472	150,3
3473	149,04
3474	140,76
3475	142,14
3476	140,41
3477	141,1
3478	139,26
3479	146,28
3480	137,88
3481	138,69
3482	141,68
3483	144,55
3484	129,37
3485	120,29
3486	118,91
3487	119,6
3488	120,86
3489	122,13
3490	128,45
3491	135,7
3492	141,91
3493	147,43
3494	155,94
3495	153,29
3496	168,94
3497	174,91
3498	169,16
3499	175,03
3500	156,17
3501	178,71
3502	186,53
3503	181,24
3504	178,71
3505	184,92
3506	208,15
3507	196,07
3508	202,28
3509	188,72
3510	173,88
3511	180,09
3512	220,8
3513	223,1
3514	200,33
3515	220,22
3516	197,69
3517	193,43
3518	200,9
3519	211,14
3520	211,72
3521	179,51
3522	214,13
3523	235,86
3524	236,32
3525	223,9
3526	230,57
3527	215,16
3528	235,86
3529	257,6
3530	255,3
3531	262,77
3532	262,08
3533	266,22
3534	268,98
3535	255,99
3536	262,43
3537	269,79
3538	264,96
3539	271,17
3540	288,76
3541	289,8
3542	285,32
3543	284,51
3544	286,58
3545	290,37
3546	292,44
3547	287,61
3548	286,12
3549	287,73
3550	292,91
3551	294,98
3552	297,85
3553	299,34
3554	291,29
3555	281,41
3556	277,5
3557	273,35
3558	277,15
3559	284,51
3560	286,92
3561	281,86
3562	277,38
3563	274,16
3564	270,71
3565	272,78
3566	273,13
3567	276
3568	266,91
3569	261,74
3570	262,43
3571	262,77
3572	261,62
3573	263,47
3574	260,59
3575	267,6
3576	277,26
3577	289,22
3578	288,42
3579	292,33
3580	289,57
3581	295,09
3582	288,19
3583	293,94
3584	294,4
3585	281,41
3586	284,74
3587	282,32
3588	277,03
3589	272,44
3590	289,8
3591	293,82
3592	301,64
3593	300,72
3594	303,72
3595	317,4
3596	319,24
3597	324,53
3598	329,93
3599	329,82
3600	321,31
3601	308,31
3602	309,81
3603	312,11
3604	306,13
3605	304,4
3606	303,26
3607	305,55
3608	310,85
3609	312,8
3610	315,56
3611	320,04
3612	322,92
3613	321,08
3614	316,71
3615	314,41
3616	311,65
3617	311,65
3618	314,41
3619	319,47
3620	324,3
3621	327,98
3622	329,7
3623	329,93
3624	325,45
3625	327,41
3626	327,17
3627	329,01
3628	329,36
3629	331,2
3630	331,08
3631	334,42
3632	334,19
3633	335,11
3634	332,46
3635	330,39
3636	330,39
3637	328,9
3638	327,75
3639	328,44
3640	327,63
3641	326,14
3642	329,48
3643	330,62
3644	333,04
3645	330,74
3646	330,85
3647	331,89
3648	327,98
3649	334,53
3650	336,83
3651	327,17
3652	336,03
3653	333,27
3654	341,32
3655	341,89
3656	340,63
3657	340,63
3658	339,59
3659	339,59
3660	339,59
3661	339,71
3662	336,03
3663	335,34
3664	333,61
3665	331,77
3666	329,25
3667	331,54
3668	334,88
3669	339,13
3670	340,28
3671	341,32
3672	339,48
3673	339,82
3674	339,59
3675	340,28
3676	342,01
3677	342,24
3678	340,86
3679	342,7
3680	344,19
3681	345,92
3682	346,84
3683	348,22
3684	347,53
3685	348,1
3686	345,35
3687	342,81
3688	340,86
3689	338,21
3690	337,98
3691	337,29
3692	336,38
3693	334,07
3694	333,5
3695	333,04
3696	333,04
3697	334,07
3698	333,73
3699	332,81
3700	331,77
3701	331,08
3702	331,08
3703	330,97
3704	329,93
3705	330,16
3706	328,79
3707	323,84
3708	320,73
3709	321,42
3710	319,58
3711	319,13
3712	319,13
3713	319,58
3714	322,11
3715	323,26
3716	324,18
3717	323,03
3718	322,92
3719	320,73
3720	316,48
3721	319,01
3722	316,48
3723	304,86
3724	281,63
3725	248,05
3726	214,82
3727	184
3728	211,83
3729	182,85
3730	180,09
3731	176,3
3732	161,92
3733	131,22
3734	98,32
3735	85,9
3736	84,06
3737	85,67
3738	81,99
3739	82,34
3740	86,59
3741	94,99
3742	106,72
3743	120,98
3744	129,03
3745	120,63
3746	106,49
3747	113,16
3748	114,42
3749	107,29
3750	98,78
3751	96,02
3752	97,06
3753	98,67
3754	95,68
3755	96,37
3756	90,39
3757	85,9
3758	83,83
3759	78,66
3760	74,86
3761	74,63
3762	74,52
3763	71,87
3764	71,41
3765	67,16
3766	65,09
3767	64,86
3768	66,01
3769	66,12
3770	68,19
3771	70,26
3772	74,75
3773	76,36
3774	77,28
3775	74,52
3776	73,02
3777	71,87
3778	71,53
3779	73,02
3780	73,94
3781	75,55
3782	76,13
3783	77,39
3784	78,54
3785	80,04
3786	80,96
3787	82,8
3788	88,55
3789	90,5
3790	87,4
3791	92,23
3792	92,57
3793	91,65
3794	94,99
3795	99,82
3796	105,8
3797	109,48
3798	115,11
3799	132,71
3800	111,43
3801	106,14
3802	110,86
3803	125,46
3804	137,88
3805	158,7
3806	168,59
3807	161,57
3808	185,5
3809	184,69
3810	162,95
3811	144,55
3812	132,48
3813	133,17
3814	142,02
3815	134,78
3816	127,07
3817	118,68
3818	116,15
3819	112,47
3820	112,93
3821	113,5
3822	110,17
3823	118,33
3824	115,69
3825	116,72
3826	105,91
3827	101,66
3828	99,82
3829	96,94
3830	95,91
3831	98,44
3832	100,51
3833	107,52
3834	113,73
3835	112,7
3836	118,68
3837	121,9
3838	124,08
3839	131,67
3840	139,38
3841	139,5
3842	144,67
3843	197,57
3844	200,9
3845	206,66
3846	200,79
3847	196,53
3848	194,58
3849	225,17
3850	233,79
3851	240,23
3852	253,69
3853	263,12
3854	260,36
3855	266,34
3856	297,62
3857	296,7
3858	287,15
3859	290,26
3860	282,44
3861	284,16
3862	276,8
3863	270,82
3864	276,34
3865	261,97
3866	235,06
3867	245,41
3868	220
3869	222,29
3870	230
3871	221,6
3872	193,2
3873	199,75
3874	195,61
3875	208,61
3876	186,07
3877	191,93
3878	201,48
3879	161,34
3880	157,55
3881	158,81
3882	171
3883	173,99
3884	213,78
3885	236,44
3886	227,24
3887	197,57
3888	202,86
3889	209,87
3890	246,44
3891	232,18
3892	256,68
3893	245,52
3894	202,86
3895	188,37
3896	212,75
3897	230,11
3898	275,08
3899	271,97
3900	259,21
3901	256,22
3902	221,83
3903	239,08
3904	286,81
3905	242,42
3906	209,41
3907	222,29
3908	204,12
3909	208,15
3910	213,55
3911	239,31
3912	214,24
3913	196,19
3914	212,17
3915	258,86
3916	210,11
3917	249,43
3918	255,64
3919	245,75
3920	218,38
3921	216,43
3922	230,57
3923	194,24
3924	206,42
3925	233,91
3926	201,94
3927	214,59
3928	230,23
3929	244,03
3930	252,77
3931	270,48
3932	260,59
3933	253,23
3934	252,65
3935	296,81
3936	282,55
3937	297,73
3938	299,92
3939	297,96
3940	302,68
3941	286,47
3942	266,45
3943	288,19
3944	286,01
3945	305,32
3946	304,17
3947	307,28
3948	285,08
3949	273,93
3950	281,63
3951	296,7
3952	308,66
3953	304,98
3954	297,39
3955	301,53
3956	311,65
3957	312,8
3958	313,95
3959	312,68
3960	313,26
3961	311,76
3962	315,56
3963	316,36
3964	318,44
3965	316,71
3966	314,52
3967	317,86
3968	314,75
3969	315,21
3970	314,06
3971	313,37
3972	316,94
3973	315,1
3974	311,3
3975	312,91
3976	310,5
3977	308,43
3978	307,39
3979	309,35
3980	310,96
3981	312,57
3982	309,58
3983	311,54
3984	313,49
3985	313,72
3986	308,08
3987	283,25
3988	282,44
3989	281,52
3990	285,54
3991	287,15
3992	290,6
3993	307,97
3994	290,37
3995	291,87
3996	292,44
3997	293,94
3998	295,89
3999	294,4
4000	293,36
4001	311,07
4002	309,58
4003	309,35
4004	309,12
4005	310,04
4006	311,3
4007	312
4008	313,49
4009	314,64
4010	313,03
4011	313,72
4012	313,49
4013	315,1
4014	315,33
4015	314,29
4016	316,13
4017	315,33
4018	312,91
4019	313,14
4020	312,68
4021	311,88
4022	312,23
4023	312,11
4024	310,96
4025	282,9
4026	280,83
4027	279,79
4028	288,53
4029	305,55
4030	304,52
4031	306,59
4032	307,16
4033	307,62
4034	304,86
4035	307,28
4036	305,9
4037	306,01
4038	305,55
4039	304,29
4040	303,14
4041	303,48
4042	304,17
4043	303,72
4044	300,38
4045	300,72
4046	301,19
4047	300,03
4048	300,5
4049	301,07
4050	301,19
4051	301,3
4052	293,02
4053	293,48
4054	296,7
4055	297,04
4056	296,81
4057	297,73
4058	298,88
4059	296,81
4060	296,81
4061	293,82
4062	294,4
4063	295,43
4064	296,12
4065	293,36
4066	293,48
4067	295,43
4068	302,33
4069	285,66
4070	298,08
4071	299,34
4072	277,84
4073	298,54
4074	293,94
4075	276,69
4076	292,67
4077	295,78
4078	294,4
4079	295,43
4080	295,43
4081	293,82
4082	298,31
4083	294,86
4084	295,2
4085	296,12
4086	300,03
4087	284,16
4088	282,44
4089	297,85
4090	303,48
4091	299,11
4092	298,42
4093	301,64
4094	301,88
4095	299,23
4096	287,73
4097	296,93
4098	302,68
4099	302,33
4100	301,19
4101	292,79
4102	299,11
4103	297,27
4104	296,7
4105	299,69
4106	301,41
4107	304,4
4108	303,02
4109	300,95
4110	298,08
4111	297,85
4112	297,16
4113	268,98
4114	283,25
4115	290,49
4116	289,8
4117	287,27
4118	289,91
4119	300,5
4120	302,22
4121	304,52
4122	304,52
4123	305,09
4124	303,02
4125	291,41
4126	294,4
4127	317,17
4128	321,42
4129	326,02
4130	329,82
4131	331,2
4132	331,43
4133	332,81
4134	333,38
4135	334,19
4136	336,49
4137	340,51
4138	341,89
4139	342,01
4140	343,97
4141	344,54
4142	347,87
4143	349,71
4144	349,83
4145	345,92
4146	349,02
4147	350,4
4148	346,04
4149	336,83
4150	333,61
4151	332
4152	320,27
4153	327,98
4154	331,89
4155	328,9
4156	330,62
4157	334,65
4158	327,86
4159	336,14
4160	343,16
4161	348,22
4162	347,07
4163	344,77
4164	346,26
4165	340,51
4166	339,48
4167	335,8
4168	330,97
4169	331,2
4170	335,57
4171	342,35
4172	347,64
4173	356,5
4174	361,22
4175	358,11
4176	356,38
4177	357,88
4178	363,51
4179	369,26
4180	368
4181	365,35
4182	363,4
4183	365,12
4184	366,85
4185	367,42
4186	368,57
4187	370,3
4188	371,45
4189	369,15
4190	368,92
4191	371,68
4192	372,6
4193	375,7
4194	375,82
4195	386,63
4196	388,7
4197	396,52
4198	403,53
4199	409,17
4200	414,57
4201	416,18
4202	420,9
4203	411,24
4204	412,27
4205	419,75
4206	421,59
4207	423,54
4208	419,29
4209	417,91
4210	422,28
4211	422,28
4212	418,37
4213	419,17
4214	419,75
4215	420,21
4216	420,44
4217	420,78
4218	419,06
4219	418,71
4220	419,06
4221	420,9
4222	422,51
4223	423,08
4224	423,32
4225	421,82
4226	423,08
4227	423,66
4228	424,58
4229	426,88
4230	425,5
4231	427,57
4232	429,52
4233	433,32
4234	433,78
4235	434,47
4236	433,55
4237	433,66
4238	435,16
4239	436,31
4240	432,51
4241	431,94
4242	435,39
4243	433,66
4244	426,19
4245	419,4
4246	409,28
4247	408,48
4248	404
4249	399,05
4250	395,14
4251	388,7
4252	380,76
4253	371,68
4254	361,44
4255	352,7
4256	339,48
4257	331,54
4258	323,26
4259	312,68
4260	301,76
4261	291,29
4262	281,41
4263	271,86
4264	260,59
4265	253,69
4266	247,59
4267	242,19
4268	235,75
4269	229,88
4270	223,67
4271	217,46
4272	211,6
4273	207,57
4274	205,16
4275	201,83
4276	199,18
4277	195,27
4278	192,51
4279	190,55
4280	188,72
4281	185,15
4282	182,27
4283	180,55
4284	177,9
4285	174,8
4286	172,85
4287	171,47
4288	170,08
4289	169,39
4290	167,9
4291	166,86
4292	168,71
4293	163,53
4294	162,5
4295	163,19
4296	163,64
4297	164,68
4298	164,57
4299	164,57
4300	164,11
4301	164,33
4302	164,33
4303	165,37
4304	165,37
4305	165,6
4306	165,71
4307	164,91
4308	164,57
4309	163,53
4310	162,72
4311	161,23
4312	158,58
4313	156,4
4314	154,56
4315	153,87
4316	153,29
4317	152,83
4318	151,46
4319	151,34
4320	151
4321	150,08
4322	149,15
4323	148,12
4324	146,86
4325	145,59
4326	144,78
4327	143,75
4328	143,63
4329	142,49
4330	142,02
4331	141,45
4332	140,99
4333	139,15
4334	137,42
4335	136,62
4336	135,47
4337	134,32
4338	132,82
4339	130,41
4340	128,57
4341	126,5
4342	124,54
4343	122,7
4344	120,17
4345	118,22
4346	116,95
4347	115,57
4348	115,11
4349	114,08
4350	112,47
4351	111,66
4352	111,09
4353	109,94
4354	108,79
4355	108,44
4356	107,87
4357	107,52
4358	106,83
4359	107,29
4360	107,29
4361	106,72
4362	106,49
4363	106,6
4364	106,03
4365	105,22
4366	105,11
4367	104,76
4368	104,07
4369	104,76
4370	104,88
4371	104,99
4372	104,65
4373	104,07
4374	104,3
4375	104,42
4376	104,76
4377	104,88
4378	104,88
4379	104,53
4380	103,96
4381	103,84
4382	103,38
4383	103,15
4384	103,27
4385	102,46
4386	101,77
4387	101,43
4388	100,62
4389	100,16
4390	99,59
4391	99,82
4392	99,01
4393	99,36
4394	99,7
4395	100,16
4396	99,7
4397	99,01
4398	96,71
4399	96,37
4400	96,71
4401	96,6
4402	96,48
4403	96,71
4404	96,25
4405	96,02
4406	96,02
4407	97,4
4408	96,94
4409	96,02
4410	96,14
4411	96,14
4412	96,14
4413	96,02
4414	96,37
4415	96,48
4416	96,25
4417	95,56
4418	96,48
4419	96,6
4420	95,1
4421	94,87
4422	94,87
4423	94,76
4424	94,53
4425	94,18
4426	94,3
4427	94,07
4428	95,56
4429	94,99
4430	95,33
4431	95,79
4432	96,14
4433	95,45
4434	94,76
4435	94,3
4436	94,99
4437	94,76
4438	94,41
4439	94,18
4440	94,07
4441	93,49
4442	93,61
4443	93,49
4444	92,69
4445	92,34
4446	92,69
4447	91,77
4448	91,65
4449	89,93
4450	90,27
4451	90,27
4452	88,89
4453	88,32
4454	90,39
4455	89,7
4456	89,7
4457	87,86
4458	86,71
4459	86,71
4460	87,17
4461	87,74
4462	88,55
4463	89,7
4464	90,62
4465	90,27
4466	89,58
4467	88,78
4468	87,74
4469	88,32
4470	87,05
4471	85,56
4472	84,98
4473	84,98
4474	85,33
4475	86,02
4476	86,02
4477	85,9
4478	86,13
4479	85,67
4480	83,95
4481	83,83
4482	84,41
4483	83,72
4484	85,21
4485	86,36
4486	87,05
4487	87,51
4488	86,48
4489	86,36
4490	86,02
4491	85,9
4492	83,72
4493	84,52
4494	79,69
4495	81,76
4496	86,94
4497	86,71
4498	86,59
4499	86,48
4500	85,56
4501	86,94
4502	87,28
4503	87,17
4504	86,25
4505	85,1
4506	84,52
4507	82,91
4508	79,12
4509	78,43
4510	78,31
4511	78,43
4512	78,54
4513	78,43
4514	78,2
4515	78,43
4516	78,77
4517	78,08
4518	78,31
4519	78,77
4520	77,05
4521	77,39
4522	77,39
4523	76,82
4524	76,47
4525	77,28
4526	77,74
4527	76,36
4528	76,36
4529	75,44
4530	76,59
4531	77,62
4532	78,08
4533	78,66
4534	78,66
4535	79,23
4536	78,43
4537	78,43
4538	78,31
4539	78,43
4540	79
4541	78,31
4542	78,08
4543	78,66
4544	77,62
4545	77,85
4546	77,62
4547	77,16
4548	77,16
4549	76,59
4550	76,82
4551	78,43
4552	78,2
4553	78,31
4554	78,2
4555	79,46
4556	79,46
4557	79,46
4558	79,23
4559	78,66
4560	78,89
4561	78,66
4562	78,54
4563	78,2
4564	77,62
4565	77,85
4566	77,74
4567	77,97
4568	77,28
4569	77,05
4570	76,59
4571	76,7
4572	76,59
4573	76,47
4574	76,59
4575	76,82
4576	76,59
4577	76,59
4578	76,36
4579	76,01
4580	75,21
4581	74,75
4582	74,52
4583	74,63
4584	74,52
4585	74,06
4586	73,71
4587	73,6
4588	73,6
4589	73,6
4590	72,91
4591	72,22
4592	71,53
4593	71,41
4594	71,3
4595	70,84
4596	70,61
4597	70,03
4598	69,8
4599	69,34
4600	68,77
4601	68,65
4602	68,65
4603	68,54
4604	68,54
4605	68,88
4606	69,34
4607	69,34
4608	69,69
4609	69,57
4610	69,8
4611	69,69
4612	69,57
4613	69,23
4614	69,23
4615	69,34
4616	69,46
4617	69,23
4618	69
4619	68,31
4620	68,08
4621	67,85
4622	68,65
4623	67,85
4624	67,73
4625	67,62
4626	68,08
4627	68,19
4628	67,5
4629	67,96
4630	67,73
4631	67,62
4632	68,08
4633	67,73
4634	67,73
4635	67,62
4636	66,93
4637	67,16
4638	66,81
4639	66,93
4640	66,12
4641	66,01
4642	66,24
4643	65,78
4644	65,09
4645	65,09
4646	65,09
4647	65,09
4648	64,86
4649	64,74
4650	64,63
4651	64,4
4652	64,28
4653	64,17
4654	64,28
4655	63,94
4656	64,17
4657	63,71
4658	62,9
4659	60,49
4660	60,49
4661	60,95
4662	61,98
4663	61,87
4664	61,98
4665	61,75
4666	61,64
4667	62,44
4668	62,67
4669	62,1
4670	61,75
4671	61,98
4672	62,21
4673	61,87
4674	61,75
4675	61,64
4676	61,64
4677	61,29
4678	61,18
4679	61,29
4680	60,72
4681	61,52
4682	61,18
4683	61,29
4684	61,18
4685	61,52
4686	61,64
4687	61,06
4688	61,41
4689	61,41
4690	61,52
4691	61,52
4692	61,29
4693	61,29
4694	61,06
4695	60,95
4696	60,72
4697	60,49
4698	60,6
4699	60,6
4700	60,26
4701	60,37
4702	60,37
4703	60,26
4704	59,57
4705	59,57
4706	59,57
4707	59,45
4708	59,34
4709	58,88
4710	58,88
4711	58,88
4712	58,99
4713	58,42
4714	59,11
4715	58,88
4716	58,88
4717	57,84
4718	57,61
4719	57,5
4720	57,61
4721	57,27
4722	57,27
4723	57,38
4724	56,92
4725	56,81
4726	56,69
4727	56,46
4728	56,46
4729	56,58
4730	56,35
4731	56,35
4732	56,23
4733	56,46
4734	56,46
4735	56,23
4736	56,46
4737	56,58
4738	56,69
4739	56,69
4740	56,58
4741	56,92
4742	57,04
4743	57,04
4744	57,04
4745	57,15
4746	57,27
4747	57,15
4748	57,15
4749	57,27
4750	57,38
4751	57,38
4752	57,38
4753	57,38
4754	57,5
4755	57,38
4756	57,5
4757	57,38
4758	57,38
4759	57,15
4760	57,73
4761	57,15
4762	57,27
4763	57,04
4764	56,92
4765	56,81
4766	56,92
4767	56,92
4768	56,92
4769	56,81
4770	56,92
4771	56,92
4772	56,92
4773	57,15
4774	57,04
4775	57,04
4776	56,92
4777	56,81
4778	57,04
4779	56,81
4780	56,35
4781	56,23
4782	56,35
4783	56,35
4784	56,58
4785	56,58
4786	56,46
4787	56,35
4788	56,35
4789	56,35
4790	56,35
4791	56,46
4792	56,69
4793	56,46
4794	56,35
4795	56,58
4796	56,58
4797	56,58
4798	56,92
4799	56,58
4800	56,69
4801	56,69
4802	56,81
4803	56,81
4804	56,46
4805	56,58
4806	56,58
4807	56,69
4808	56,58
4809	56,35
4810	56,35
4811	56,35
4812	56,46
4813	56,58
4814	56,35
4815	56,46
4816	56,46
4817	56,12
4818	56
4819	56,12
4820	55,89
4821	55,89
4822	55,77
4823	55,66
4824	55,66
4825	55,43
4826	55,43
4827	55,43
4828	55,54
4829	55,54
4830	55,31
4831	55,2
4832	54,39
4833	55,31
4834	54,97
4835	54,62
4836	54,74
4837	54,51
4838	54,62
4839	54,39
4840	54,16
4841	54,62
4842	54,51
4843	54,39
4844	54,39
4845	54,51
4846	54,39
4847	54,74
4848	54,62
4849	54,74
4850	54,62
4851	54,62
4852	54,39
4853	54,51
4854	54,85
4855	54,85
4856	54,62
4857	54,74
4858	54,39
4859	54,62
4860	54,39
4861	54,39
4862	54,39
4863	54,39
4864	54,39
4865	54,39
4866	54,39
4867	54,28
4868	54,28
4869	54,16
4870	54,28
4871	54,05
4872	54,05
4873	54,28
4874	54,05
4875	54,05
4876	53,93
4877	53,93
4878	54,16
4879	53,93
4880	53,7
4881	53,47
4882	53,7
4883	53,82
4884	53,59
4885	53,7
4886	53,13
4887	53,36
4888	53,13
4889	53,36
4890	53,01
4891	52,9
4892	52,79
4893	53,01
4894	52,79
4895	52,55
4896	52,55
4897	52,44
4898	52,79
4899	52,55
4900	52,79
4901	52,67
4902	52,67
4903	52,44
4904	52,67
4905	52,79
4906	52,67
4907	52,44
4908	52,55
4909	52,55
4910	52,67
4911	52,55
4912	52,55
4913	52,55
4914	52,44
4915	52,44
4916	52,32
4917	52,32
4918	52,09
4919	51,98
4920	52,32
4921	52,32
4922	52,21
4923	51,86
4924	52,09
4925	51,75
4926	51,75
4927	51,63
4928	51,52
4929	51,52
4930	51,52
4931	51,29
4932	51,06
4933	50,37
4934	50,48
4935	50,02
4936	49,79
4937	49,91
4938	50,14
4939	50,14
4940	50,25
4941	50,72
4942	50,83
4943	50,94
4944	51,17
4945	51,29
4946	51,4
4947	51,52
4948	51,63
4949	51,75
4950	51,98
4951	52,09
4952	52,09
4953	52,09
4954	51,98
4955	51,98
4956	51,86
4957	51,29
4958	51,29
4959	51,75
4960	51,98
4961	52,09
4962	52,09
4963	51,98
4964	51,86
4965	51,86
4966	51,86
4967	51,63
4968	51,52
4969	51,4
4970	51,29
4971	51,17
4972	51,06
4973	51,06
4974	50,94
4975	50,83
4976	50,83
4977	50,72
4978	50,48
4979	50,48
4980	50,37
4981	50,48
4982	50,37
4983	50,37
4984	50,25
4985	50,25
4986	50,25
4987	50,25
4988	50,25
4989	50,14
4990	50,02
4991	50,14
4992	50,14
4993	50,25
4994	50,37
4995	50,48
4996	50,48
4997	50,48
4998	50,72
4999	50,83
5000	50,94
5001	51,06
5002	51,06
5003	51,17
5004	51,17
5005	51,17
5006	51,06
5007	50,25
5008	49,91
5009	49,56
5010	49,79
5011	49,79
5012	49,68
5013	49,45
5014	49,34
5015	49,22
5016	49,1
5017	48,87
5018	48,65
5019	48,53
5020	48,41
5021	48,41
5022	48,3
5023	48,3
5024	48,07
5025	48,18
5026	48,07
5027	48,53
5028	48,53
5029	48,65
5030	48,76
5031	48,76
5032	48,76
5033	48,76
5034	48,76
5035	48,65
5036	48,65
5037	48,53
5038	48,53
5039	48,53
5040	48,53
5041	48,53
5042	48,53
5043	48,65
5044	48,76
5045	48,76
5046	48,65
5047	48,65
5048	48,65
5049	48,76
5050	48,76
5051	48,87
5052	48,87
5053	48,76
5054	48,76
5055	48,76
5056	48,65
5057	48,53
5058	48,53
5059	48,41
5060	48,3
5061	48,3
5062	48,18
5063	48,18
5064	48,07
5065	47,95
5066	47,95
5067	47,95
5068	47,84
5069	47,84
5070	47,84
5071	47,84
5072	47,72
5073	47,72
5074	47,61
5075	47,61
5076	47,72
5077	47,72
5078	47,72
5079	47,84
5080	47,72
5081	47,72
5082	47,61
5083	47,61
5084	47,61
5085	47,5
5086	47,38
5087	47,38
5088	47,38
5089	47,27
5090	47,27
5091	47,27
5092	47,15
5093	47,03
5094	47,27
5095	47,27
5096	47,27
5097	47,38
5098	47,38
5099	47,38
5100	47,27
5101	47,38
5102	47,27
5103	47,15
5104	47,15
5105	47,15
5106	47,03
5107	46,92
5108	46,8
5109	46,69
5110	46,69
5111	46,57
5112	46,57
5113	46,46
5114	46,34
5115	46,23
5116	46,11
5117	45,88
5118	45,88
5119	46
5120	46,11
5121	45,88
5122	46
5123	45,77
5124	45,54
5125	45,54
5126	45,31
5127	43,13
5128	43,13
5129	43,01
5130	43,01
5131	43,01
5132	43,01
5133	42,89
5134	42,89
5135	42,89
5136	42,89
5137	43,01
5138	43,13
5139	43,24
5140	43,01
5141	43,13
5142	43,24
5143	43,24
5144	42,89
5145	43,01
5146	43,01
5147	41,86
5148	43,01
5149	43,01
5150	42,89
5151	42,89
5152	42,89
5153	43,01
5154	43,01
5155	43,24
5156	43,58
5157	43,13
5158	43,01
5159	42,66
5160	42,78
5161	42,66
5162	42,55
5163	42,55
5164	42,43
5165	42,43
5166	42,32
5167	42,32
5168	42,32
5169	41,86
5170	41,86
5171	41,75
5172	41,97
5173	42,09
5174	41,63
5175	41,28
5176	41,06
5177	41,06
5178	41,06
5179	40,82
5180	40,82
5181	40,82
5182	40,94
5183	40,94
5184	40,71
5185	40,82
5186	40,94
5187	40,94
5188	40,94
5189	41,06
5190	40,94
5191	41,06
5192	41,17
5193	40,94
5194	40,82
5195	41,86
5196	42,66
5197	43,47
5198	44,16
5199	44,16
5200	44,16
5201	44,16
5202	44,16
5203	43,7
5204	43,58
5205	43,58
5206	43,47
5207	43,24
5208	43,24
5209	43,01
5210	43,01
5211	42,89
5212	43,01
5213	43,01
5214	43,01
5215	43,13
5216	43,13
5217	43,13
5218	43,13
5219	43,13
5220	43,13
5221	43,13
5222	43,01
5223	43,01
5224	43,01
5225	43,01
5226	42,78
5227	42,66
5228	43,58
5229	43,7
5230	43,7
5231	43,7
5232	43,7
5233	43,7
5234	43,7
5235	43,58
5236	43,58
5237	43,58
5238	43,47
5239	43,47
5240	43,58
5241	43,58
5242	43,58
5243	43,58
5244	43,58
5245	43,58
5246	43,58
5247	43,58
5248	43,47
5249	43,47
5250	42,89
5251	43,47
5252	43,35
5253	43,35
5254	43,35
5255	43,24
5256	43,35
5257	43,24
5258	43,24
5259	43,24
5260	43,24
5261	43,13
5262	43,13
5263	43,01
5264	43,01
5265	43,01
5266	43,01
5267	43,01
5268	43,01
5269	43,01
5270	42,89
5271	42,89
5272	42,89
5273	42,89
5274	42,89
5275	42,78
5276	42,66
5277	42,66
5278	42,66
5279	42,66
5280	42,2
5281	41,86
5282	39,9
5283	40,25
5284	40,25
5285	40,36
5286	40,48
5287	40,48
5288	40,36
5289	40,36
5290	40,36
5291	40,36
5292	40,25
5293	40,25
5294	40,25
5295	40,48
5296	40,36
5297	40,25
5298	40,13
5299	39,9
5300	39,9
5301	39,68
5302	39,56
5303	39,56
5304	39,44
5305	39,44
5306	39,33
5307	39,21
5308	39,21
5309	39,1
5310	39,21
5311	39,1
5312	39,1
5313	39,1
5314	38,99
5315	38,87
5316	38,75
5317	38,64
5318	38,52
5319	38,64
5320	38,52
5321	38,52
5322	38,41
5323	38,52
5324	38,52
5325	38,41
5326	38,64
5327	39,56
5328	39,79
5329	40,25
5330	40,13
5331	40,48
5332	40,48
5333	40,82
5334	40,82
5335	40,71
5336	40,82
5337	40,71
5338	40,59
5339	40,59
5340	40,59
5341	40,48
5342	40,48
5343	40,48
5344	40,59
5345	40,48
5346	40,48
5347	40,36
5348	40,36
5349	40,25
5350	40,13
5351	40,02
5352	39,9
5353	39,9
5354	39,79
5355	39,68
5356	39,68
5357	39,68
5358	39,68
5359	39,68
5360	39,68
5361	39,79
5362	39,79
5363	40,48
5364	40,36
5365	39,79
5366	39,56
5367	39,79
5368	39,9
5369	39,9
5370	39,9
5371	39,9
5372	39,79
5373	39,79
5374	39,79
5375	39,79
5376	39,79
5377	39,79
5378	39,79
5379	39,68
5380	39,68
5381	39,68
5382	39,56
5383	39,56
5384	39,56
5385	39,56
5386	39,44
5387	39,44
5388	39,33
5389	39,21
5390	39,21
5391	39,21
5392	39,1
5393	38,99
5394	38,99
5395	38,87
5396	38,75
5397	38,75
5398	38,64
5399	38,75
5400	38,64
5401	38,52
5402	38,52
5403	38,41
5404	38,52
5405	38,52
5406	38,41
5407	38,41
5408	38,41
5409	38,41
5410	38,41
5411	38,29
5412	38,18
5413	38,06
5414	37,95
5415	37,84
5416	37,84
5417	37,72
5418	37,61
5419	37,49
5420	37,49
5421	37,49
5422	37,49
5423	37,49
5424	37,37
5425	37,37
5426	37,03
5427	36,8
5428	36,45
5429	36,34
5430	35,88
5431	36,8
5432	36,34
5433	35,31
5434	35,07
5435	34,96
5436	35,31
5437	35,42
5438	35,42
5439	35,54
5440	35,07
5441	34,84
5442	35,07
5443	34,96
5444	35,42
5445	35,42
5446	35,19
5447	35,31
5448	34,96
5449	34,96
5450	34,96
5451	36,45
5452	36,45
5453	35,77
5454	35,77
5455	35,99
5456	36,22
5457	36,22
5458	36,22
5459	36,22
5460	36,22
5461	36,11
5462	36,11
5463	35,99
5464	35,88
5465	35,88
5466	35,77
5467	35,77
5468	35,77
5469	35,65
5470	35,54
5471	35,54
5472	35,54
5473	35,42
5474	35,42
5475	35,31
5476	35,31
5477	35,19
5478	35,07
5479	35,07
5480	34,96
5481	34,84
5482	34,84
5483	34,73
5484	34,73
5485	34,61
5486	34,5
5487	34,5
5488	34,5
5489	34,38
5490	34,38
5491	34,27
5492	34,27
5493	34,15
5494	34,15
5495	34,04
5496	34,04
5497	33,93
5498	33,93
5499	33,81
5500	33,81
5501	33,81
5502	33,81
5503	33,81
5504	33,69
5505	33,69
5506	33,69
5507	33,69
5508	33,58
5509	33,58
5510	33,58
5511	33,46
5512	33,46
5513	33,46
5514	33,81
5515	33,35
5516	33,23
5517	33,12
5518	33,12
5519	33
5520	32,89
5521	32,89
5522	32,89
5523	32,66
5524	32,66
5525	32,66
5526	32,54
5527	32,43
5528	32,31
5529	32,31
5530	32,2
5531	32,08
5532	32,08
5533	31,97
5534	31,97
5535	31,85
5536	31,85
5537	31,85
5538	31,85
5539	31,74
5540	31,74
5541	31,74
5542	31,74
5543	31,74
5544	31,62
5545	31,62
5546	31,62
5547	31,51
5548	31,39
5549	31,05
5550	29,78
5551	28,98
5552	29,09
5553	29,44
5554	28,75
5555	29,44
5556	30,13
5557	30,47
5558	30,82
5559	30,7
5560	30,7
5561	30,59
5562	30,59
5563	30,59
5564	30,59
5565	30,59
5566	30,59
5567	30,47
5568	30,47
5569	30,36
5570	30,36
5571	30,24
5572	30,24
5573	30,13
5574	30,01
5575	29,9
5576	29,78
5577	29,67
5578	29,67
5579	29,67
5580	29,55
5581	29,44
5582	29,44
5583	29,44
5584	29,44
5585	29,44
5586	29,09
5587	29,09
5588	28,98
5589	28,86
5590	28,86
5591	28,75
5592	28,75
5593	28,75
5594	28,75
5595	28,63
5596	28,63
5597	28,52
5598	28,52
5599	28,52
5600	28,4
5601	28,4
5602	28,29
5603	28,17
5604	28,17
5605	28,06
5606	28,06
5607	28,06
5608	27,94
5609	27,94
5610	27,94
5611	27,83
5612	27,83
5613	27,83
5614	27,83
5615	27,71
5616	27,71
5617	27,71
5618	27,71
5619	27,71
5620	27,6
5621	27,48
5622	27,48
5623	27,37
5624	27,37
5625	27,25
5626	27,14
5627	27,02
5628	27,02
5629	26,91
5630	26,91
5631	26,68
5632	26,68
5633	26,56
5634	26,45
5635	26,33
5636	26,22
5637	26,1
5638	25,99
5639	25,99
5640	25,87
5641	25,76
5642	25,76
5643	25,64
5644	25,53
5645	25,41
5646	25,3
5647	25,18
5648	25,18
5649	24,95
5650	24,95
5651	24,95
5652	24,84
5653	24,72
5654	24,72
5655	24,61
5656	24,49
5657	24,38
5658	24,26
5659	24,15
5660	24,15
5661	24,03
5662	24,03
5663	23,92
5664	23,8
5665	23,69
5666	23,57
5667	23,57
5668	23,46
5669	23,34
5670	23,34
5671	23,23
5672	23,11
5673	23
5674	22,88
5675	22,54
5676	22,65
5677	22,65
5678	22,54
5679	22,54
5680	22,42
5681	22,42
5682	22,42
5683	22,31
5684	22,31
5685	22,19
5686	22,19
5687	22,19
5688	22,08
5689	21,96
5690	21,96
5691	21,85
5692	21,85
5693	21,73
5694	21,62
5695	21,62
5696	21,62
5697	21,5
5698	21,39
5699	21,39
5700	21,27
5701	21,27
5702	21,16
5703	21,04
5704	20,93
5705	20,93
5706	20,81
5707	20,7
5708	20,58
5709	20,58
5710	20,47
5711	20,35
5712	20,24
5713	20,24
5714	20,12
5715	20,01
5716	19,89
5717	19,89
5718	19,78
5719	19,78
5720	19,66
5721	19,55
5722	19,43
5723	19,43
5724	19,32
5725	19,2
5726	19,2
5727	19,09
5728	18,97
5729	18,86
5730	18,74
5731	18,74
5732	18,63
5733	18,63
5734	18,51
5735	18,4
5736	18,28
5737	18,28
5738	18,17
5739	18,17
5740	18,05
5741	17,94
5742	17,82
5743	17,82
5744	17,71
5745	17,59
5746	17,59
5747	17,48
5748	17,48
5749	17,36
5750	17,36
5751	17,25
5752	17,13
5753	17,13
5754	17,02
5755	17,02
5756	16,9
5757	16,79
5758	16,79
5759	16,67
5760	16,67
5761	16,56
5762	16,56
5763	16,44
5764	16,44
5765	16,33
5766	16,33
5767	16,21
5768	16,1
5769	16,1
5770	16,1
5771	15,98
5772	15,98
5773	15,87
5774	15,75
5775	15,75
5776	15,64
5777	15,64
5778	15,52
5779	15,41
5780	15,41
5781	15,29
5782	15,29
5783	15,18
5784	15,06
5785	14,95
5786	14,95
5787	14,83
5788	14,83
5789	14,72
5790	14,72
5791	14,72
5792	14,72
5793	14,37
5794	14,37
5795	14,26
5796	14,14
5797	14,14
5798	14,03
5799	14,03
5800	13,91
5801	13,8
5802	13,8
5803	13,68
5804	13,57
5805	13,57
5806	13,45
5807	13,45
5808	13,34
5809	13,34
5810	13,22
5811	13,11
5812	12,99
5813	12,99
5814	12,88
5815	12,88
5816	12,65
5817	12,76
5818	12,65
5819	12,53
5820	12,53
5821	12,42
5822	12,3
5823	12,3
5824	12,19
5825	12,19
5826	12,07
5827	11,96
5828	11,96
5829	11,84
5830	11,73
5831	11,73
5832	11,61
5833	11,5
5834	11,5
5835	11,38
5836	11,38
5837	11,27
5838	11,27
5839	11,15
5840	11,04
5841	11,04
5842	10,92
5843	10,81
5844	10,69
5845	10,69
5846	10,69
5847	10,58
5848	10,46
5849	10,46
5850	10,35
5851	10,35
5852	10,23
5853	10,12
5854	10,12
5855	10,01
5856	10,01
5857	9,89
5858	10,01
5859	9,77
5860	9,77
5861	9,54
5862	9,54
5863	9,43
5864	9,43
5865	9,31
5866	9,43
5867	9,31
5868	9,31
5869	9,31
5870	9,31
5871	9,08
5872	8,97
5873	8,97
5874	9,31
5875	9,31
5876	9,2
5877	9,08
5878	8,97
5879	8,97
5880	8,85
5881	8,97
5882	8,85
5883	8,85
5884	8,85
5885	8,62
5886	8,51
5887	8,51
5888	8,39
5889	8,39
5890	8,28
5891	8,51
5892	8,05
5893	7,82
5894	7,36
5895	7,36
5896	7,36
5897	7,24
5898	7,24
5899	7,24
5900	7,01
5901	7,01
5902	6,9
5903	6,9
5904	6,78
5905	6,78
5906	6,78
5907	6,78
5908	6,67
5909	6,55
5910	6,44
5911	6,44
5912	6,67
5913	6,78
5914	6,67
5915	6,78
5916	6,67
5917	6,78
5918	6,55
5919	6,44
5920	6,32
5921	6,32
5922	6,21
5923	6,21
5924	6,21
5925	6,09
5926	6,09
5927	6,32
5928	6,21
5929	5,98
5930	5,98
5931	5,98
5932	5,86
5933	5,86
5934	5,75
5935	5,52
5936	5,52
5937	5,4
5938	5,52
5939	5,75
5940	5,06
5941	5,4
5942	5,29
5943	5,29
5944	5,4
5945	5,4
5946	5,17
5947	5,17
5948	5,17
5949	5,06
5950	5,06
5951	4,6
5952	4,48
5953	4,71
5954	4,48
5955	4,6
5956	4,37
5957	4,37
5958	4,14
5959	4,48
5960	4,6
5961	4,48
5962	4,14
5963	4,37
5964	4,71
5965	4,6
5966	4,37
5967	4,25
5968	3,91
5969	3,91
5970	3,91
5971	4,14
5972	3,79
5973	3,79
5974	3,68
5975	3,68
5976	3,56
5977	3,45
5978	3,45
5979	3,45
5980	3,33
5981	3,33
5982	3,33
5983	3,22
5984	3,22
5985	3,22
5986	3,22
5987	3,11
5988	3,22
5989	3,11
5990	2,99
5991	2,99
5992	2,99
5993	2,99
5994	2,99
5995	2,99
5996	2,99
5997	2,87
5998	2,87
5999	2,87
6000	2,76
6001	2,64
6002	2,64
6003	2,53
6004	2,64
6005	2,53
6006	2,53
6007	2,53
6008	2,53
6009	2,42
6010	2,42
6011	2,3
6012	2,3
6013	2,42
6014	2,19
6015	2,19
6016	2,19
6017	2,07
6018	2,19
6019	2,19
6020	2,07
6021	2,07
6022	2,19
6023	2,19
6024	2,19
6025	2,19
6026	2,19
6027	2,07
6028	2,07
6029	1,95
6030	1,84
6031	2,07
6032	1,84
6033	1,84
6034	1,72
6035	1,72
6036	1,84
6037	1,72
6038	1,72
6039	1,61
6040	1,61
6041	1,72
6042	1,61
6043	1,72
6044	1,72
6045	1,61
6046	1,61
6047	1,49
6048	1,61
6049	1,49
6050	1,49
6051	1,49
6052	1,49
6053	1,38
6054	1,61
6055	1,38
6056	1,49
6057	1,15
6058	1,26
6059	1,26
6060	1,15
6061	1,15
6062	1,26
6063	1,15
6064	1,15
6065	1,03
6066	1,15
6067	1,15
6068	0,92
6069	1,03
6070	0,92
6071	1,03
6072	1,03
6073	1,03
6074	1,15
6075	1,03
6076	1,03
6077	1,15
6078	1,15
6079	1,15
6080	1,15
6081	1,03
6082	1,15
6083	1,15
6084	1,03
6085	1,03
6086	1,03
6087	0,92
6088	0,8
6089	0,69
6090	0,8
6091	1,26
6092	0,69
6093	0,69
6094	0,69
6095	0,57
6096	0,57
6097	0,46
6098	0,69
6099	0,57
6100	0,57
6101	0,69
6102	0,69
6103	0,46
6104	0,46
6105	0,46
6106	0,46
6107	0,46
6108	0,57
6109	0,57
6110	0,57
6111	0,46
6112	0,46
6113	0,46
6114	0,46
6115	0,35
6116	0,46
6117	0,35
6118	0,35
6119	0,35
6120	0,35
6121	0,35
6122	0,35
6123	0,35
6124	0,35
6125	0,46
6126	0,46
6127	2,53
6128	2,53
6129	2,53
6130	2,42
6131	2,53
6132	2,64
6133	2,53
6134	2,53
6135	2,53
6136	2,53
6137	2,64
6138	2,53
6139	2,76
6140	2,53
6141	2,42
6142	2,53
6143	2,64
6144	2,3
6145	2,53
6146	2,42
6147	2,53
6148	2,99
6149	2,64
6150	2,99
6151	2,53
6152	2,42
6153	2,42
6154	2,87
6155	2,87
6156	2,99
6157	2,76
6158	2,76
6159	2,76
6160	2,76
6161	2,87
6162	2,99
6163	2,99
6164	2,76
6165	2,87
6166	2,64
6167	2,64
6168	2,64
6169	2,99
6170	2,99
6171	2,99
6172	2,64
6173	2,53
6174	2,64
6175	2,64
6176	2,64
6177	2,64
6178	2,64
6179	2,64
6180	2,53
6181	2,07
6182	2,07
6183	2,42
6184	2,42
6185	2,3
6186	2,42
6187	2,3
6188	2,3
6189	2,3
6190	2,19
6191	2,19
6192	2,19
6193	2,19
6194	2,19
6195	2,19
6196	2,3
6197	2,3
6198	2,3
6199	2,3
6200	2,3
6201	2,3
6202	2,3
6203	2,19
6204	2,19
6205	2,19
6206	2,19
6207	2,19
6208	2,07
6209	2,53
6210	2,53
6211	2,53
6212	2,64
6213	2,64
6214	2,64
6215	2,53
6216	2,64
6217	2,64
6218	2,76
6219	2,64
6220	2,64
6221	2,64
6222	2,53
6223	2,42
6224	2,53
6225	2,42
6226	2,3
6227	2,3
6228	2,64
6229	2,64
6230	2,42
6231	2,53
6232	2,76
6233	2,53
6234	2,53
6235	2,53
6236	2,64
6237	2,53
6238	2,53
6239	2,53
6240	2,42
6241	2,42
6242	2,42
6243	2,42
6244	2,53
6245	2,53
6246	2,53
6247	2,53
6248	2,53
6249	2,53
6250	2,53
6251	2,76
6252	2,64
6253	2,64
6254	2,64
6255	2,64
6256	2,64
6257	2,64
6258	2,64
6259	2,64
6260	2,64
6261	2,53
6262	2,64
6263	2,64
6264	2,42
6265	2,76
6266	2,64
6267	2,64
6268	2,42
6269	2,3
6270	2,3
6271	2,53
6272	2,42
6273	2,42
6274	2,42
6275	2,42
6276	2,42
6277	2,42
6278	2,53
6279	2,3
6280	2,3
6281	2,3
6282	2,3
6283	2,3
6284	2,42
6285	2,42
6286	2,42
6287	2,53
6288	2,64
6289	2,53
6290	2,53
6291	2,53
6292	2,3
6293	2,42
6294	2,64
6295	2,42
6296	2,53
6297	2,42
6298	2,53
6299	2,3
6300	2,42
6301	2,53
6302	2,53
6303	2,53
6304	2,53
6305	2,76
6306	2,76
6307	2,64
6308	2,53
6309	2,42
6310	2,53
6311	2,76
6312	2,64
6313	2,76
6314	2,76
6315	2,64
6316	2,42
6317	2,53
6318	2,53
6319	2,53
6320	2,64
6321	2,19
6322	2,19
6323	2,19
6324	2,19
6325	2,19
6326	2,07
6327	2,07
6328	2,07
6329	2,07
6330	2,07
6331	2,07
6332	2,07
6333	2,07
6334	2,07
6335	2,07
6336	1,95
6337	2,07
6338	2,19
6339	2,07
6340	2,07
6341	2,07
6342	2,19
6343	2,19
6344	2,07
6345	2,07
6346	2,07
6347	2,07
6348	2,07
6349	1,95
6350	2,07
6351	2,19
6352	2,07
6353	2,07
6354	2,07
6355	2,07
6356	2,07
6357	2,07
6358	2,07
6359	1,95
6360	2,07
6361	2,07
6362	2,07
6363	2,07
6364	2,07
6365	2,07
6366	2,07
6367	2,07
6368	2,19
6369	2,07
6370	2,07
6371	2,07
6372	2,07
6373	2,07
6374	2,19
6375	2,07
6376	2,07
6377	1,95
6378	2,07
6379	2,07
6380	2,07
6381	2,07
6382	2,07
6383	2,19
6384	2,07
6385	2,07
6386	2,07
6387	2,07
6388	2,07
6389	2,19
6390	2,19
6391	2,07
6392	2,07
6393	2,19
6394	2,07
6395	2,07
6396	2,07
6397	2,07
6398	2,07
6399	2,07
6400	2,07
6401	1,95
6402	2,19
6403	2,07
6404	2,07
6405	2,19
6406	2,19
6407	2,07
6408	2,07
6409	2,07
6410	1,95
6411	2,3
6412	2,42
6413	2,3
6414	2,42
6415	2,3
6416	2,42
6417	2,3
6418	2,3
6419	2,53
6420	2,3
6421	2,42
6422	2,07
6423	2,07
6424	2,53
6425	2,53
6426	2,3
6427	2,42
6428	2,3
6429	2,3
6430	2,87
6431	2,99
6432	3,22
6433	3,56
6434	3,79
6435	4,25
6436	4,25
6437	4,25
6438	4,25
6439	4,6
6440	5,06
6441	4,6
6442	4,71
6443	4,48
6444	4,48
6445	4,48
6446	4,6
6447	4,6
6448	4,6
6449	4,6
6450	4,6
6451	4,6
6452	4,6
6453	4,71
6454	4,71
6455	4,71
6456	4,71
6457	4,71
6458	4,71
6459	4,71
6460	4,71
6461	4,71
6462	4,71
6463	4,71
6464	4,71
6465	4,71
6466	4,71
6467	4,71
6468	4,71
6469	4,71
6470	4,6
6471	4,6
6472	4,6
6473	4,6
6474	4,6
6475	4,6
6476	4,6
6477	4,6
6478	4,6
6479	4,6
6480	4,6
6481	4,6
6482	4,6
6483	4,6
6484	4,6
6485	4,6
6486	4,6
6487	4,6
6488	4,6
6489	4,6
6490	4,6
6491	4,6
6492	4,6
6493	4,6
6494	4,6
6495	4,6
6496	4,6
6497	4,6
6498	4,48
6499	4,6
6500	4,6
6501	4,6
6502	4,48
6503	4,48
6504	4,6
6505	4,37
6506	4,6
6507	4,48
6508	4,48
6509	4,6
6510	4,48
6511	4,48
6512	4,48
6513	4,48
6514	4,48
6515	4,48
6516	4,37
6517	4,48
6518	4,37
6519	5,75
6520	5,75
6521	5,52
6522	5,75
6523	5,4
6524	5,75
6525	5,75
6526	5,75
6527	3,22
6528	3,68
6529	4,14
6530	4,71
6531	5,17
6532	5,52
6533	5,63
6534	5,75
6535	5,86
6536	5,86
6537	5,86
6538	5,98
6539	5,98
6540	5,98
6541	5,98
6542	5,86
6543	5,86
6544	5,86
6545	5,86
6546	5,86
6547	5,75
6548	5,75
6549	5,75
6550	5,75
6551	5,75
6552	5,75
6553	5,86
6554	5,75
6555	5,75
6556	5,63
6557	5,63
6558	5,63
6559	5,52
6560	5,52
6561	5,29
6562	5,29
6563	5,4
6564	5,29
6565	5,29
6566	5,17
6567	5,17
6568	5,29
6569	5,29
6570	5,29
6571	5,17
6572	5,17
6573	5,17
6574	5,17
6575	5,17
6576	5,17
6577	5,17
6578	5,17
6579	5,17
6580	5,17
6581	5,17
6582	5,29
6583	5,17
6584	5,06
6585	5,17
6586	5,17
6587	5,17
6588	5,17
6589	5,17
6590	5,06
6591	5,06
6592	5,17
6593	5,17
6594	5,17
6595	5,17
6596	5,17
6597	5,17
6598	5,06
6599	5,17
6600	5,17
6601	5,29
6602	5,17
6603	5,17
6604	5,17
6605	5,17
6606	5,17
6607	5,17
6608	5,17
6609	5,17
6610	5,17
6611	5,17
6612	5,29
6613	5,17
6614	5,17
6615	5,29
6616	5,29
6617	5,17
6618	5,75
6619	5,75
6620	5,75
6621	5,75
6622	5,75
6623	5,75
6624	5,75
6625	5,75
6626	5,75
6627	5,75
6628	5,75
6629	5,75
6630	5,75
6631	5,75
6632	5,75
6633	5,75
6634	5,75
6635	5,86
6636	5,75
6637	5,75
6638	5,75
6639	5,86
6640	5,75
6641	5,75
6642	5,75
6643	5,75
6644	5,75
6645	5,75
6646	5,75
6647	5,75
6648	5,75
6649	5,75
6650	5,75
6651	5,75
6652	5,75
6653	5,75
6654	5,75
6655	5,75
6656	5,75
6657	5,75
6658	5,75
6659	5,75
6660	5,75
6661	5,75
6662	5,75
6663	5,75
6664	5,75
6665	5,75
6666	5,75
6667	5,75
6668	5,75
6669	5,75
6670	5,75
6671	5,75
6672	5,75
6673	5,75
6674	5,75
6675	5,75
6676	5,75
6677	5,75
6678	5,75
6679	5,75
6680	5,75
6681	5,75
6682	5,75
6683	5,75
6684	5,75
6685	5,75
6686	5,75
6687	5,63
6688	5,75
6689	5,52
6690	5,52
6691	5,29
6692	5,29
6693	5,29
6694	5,29
6695	5,29
6696	5,29
6697	5,29
6698	5,29
6699	5,29
6700	5,17
6701	5,29
6702	5,29
6703	5,29
6704	5,29
6705	5,29
6706	5,29
6707	5,4
6708	5,29
6709	5,29
6710	5,29
6711	5,29
6712	5,29
6713	5,29
6714	5,29
6715	5,29
6716	5,29
6717	5,29
6718	5,29
6719	5,29
6720	5,29
6721	5,29
6722	5,29
6723	5,29
6724	5,17
6725	5,29
6726	5,29
6727	5,29
6728	5,29
6729	5,29
6730	5,29
6731	5,29
6732	5,29
6733	5,29
6734	5,29
6735	5,29
6736	5,29
6737	5,29
6738	5,29
6739	5,29
6740	5,29
6741	5,29
6742	5,29
6743	5,29
6744	5,29
6745	5,29
6746	5,29
6747	5,29
6748	5,29
6749	5,29
6750	5,29
6751	5,29
6752	5,29
6753	5,29
6754	5,29
6755	5,29
6756	5,29
6757	5,29
6758	5,29
6759	5,29
6760	5,29
6761	5,29
6762	5,29
6763	5,29
6764	5,29
6765	5,29
6766	5,29
6767	5,29
6768	5,17
6769	5,52
6770	5,29
6771	5,4
6772	5,29
6773	5,29
6774	5,29
6775	5,29
6776	5,29
6777	5,29
6778	5,4
6779	5,29
6780	5,29
6781	5,29
6782	5,29
6783	5,29
6784	5,29
6785	5,29
6786	5,29
6787	5,29
6788	5,29
6789	5,29
6790	5,29
6791	5,29
6792	5,4
6793	5,4
6794	5,29
6795	5,4
6796	5,4
6797	5,4
6798	5,4
6799	5,4
6800	5,4
6801	5,4
6802	5,4
6803	5,4
6804	5,29
6805	5,4
6806	5,29
6807	5,29
6808	5,29
6809	5,29
6810	5,29
6811	5,29
6812	5,29
6813	5,29
6814	5,29
6815	5,29
6816	5,29
6817	5,29
6818	5,29
6819	5,29
6820	5,29
6821	5,29
6822	5,29
6823	5,29
6824	5,29
6825	5,29
6826	5,29
6827	5,29
6828	5,29
6829	5,29
6830	5,29
6831	5,29
6832	5,29
6833	5,29
6834	5,29
6835	5,29
6836	5,29
6837	5,29
6838	5,29
6839	5,29
6840	5,29
6841	5,29
6842	5,29
6843	5,29
6844	5,29
6845	5,17
6846	5,29
6847	5,29
6848	5,29
6849	5,29
6850	5,29
6851	5,29
6852	5,29
6853	5,29
6854	5,29
6855	5,29
6856	5,29
6857	5,29
6858	5,29
6859	5,29
6860	5,29
6861	5,29
6862	5,29
6863	5,29
6864	5,29
6865	5,29
6866	5,29
6867	5,29
6868	5,29
6869	5,29
6870	5,29
6871	5,29
6872	5,29
6873	5,29
6874	5,4
6875	5,4
6876	5,29
6877	5,4
6878	5,4
6879	5,29
6880	5,29
6881	5,29
6882	5,29
6883	5,29
6884	5,29
6885	5,29
6886	5,29
6887	5,29
6888	5,29
6889	5,29
6890	5,29
6891	5,29
6892	5,29
6893	5,29
6894	5,29
6895	5,29
6896	5,29
6897	5,29
6898	5,29
6899	5,29
6900	5,29
6901	5,29
6902	5,29
6903	5,29
6904	5,29
6905	5,29
6906	5,29
6907	5,29
6908	5,29
6909	5,29
6910	5,29
6911	5,29
6912	5,29
6913	5,29
6914	5,29
6915	5,29
6916	5,29
6917	5,17
6918	5,29
6919	5,17
6920	5,29
6921	5,17
6922	5,29
6923	5,29
6924	5,29
6925	5,29
6926	5,29
6927	5,29
6928	5,29
6929	5,29
6930	5,29
6931	5,29
6932	5,29
6933	5,29
6934	5,29
6935	5,17
6936	5,29
6937	5,29
6938	5,29
6939	5,29
6940	5,29
6941	5,29
6942	5,29
6943	5,29
6944	5,29
6945	5,29
6946	5,29
6947	5,29
6948	5,29
6949	5,29
6950	5,17
6951	5,29
6952	5,29
6953	5,29
6954	5,29
6955	5,29
6956	5,29
6957	5,29
6958	5,29
6959	5,29
6960	5,29
6961	5,29
6962	5,29
6963	5,29
6964	5,29
6965	5,29
6966	5,29
6967	5,29
6968	5,29
6969	5,29
6970	5,29
6971	5,29
6972	5,29
6973	5,29
6974	5,29
6975	5,29
6976	5,4
6977	5,29
6978	5,29
6979	5,29
6980	5,29
6981	5,29
6982	5,29
6983	5,17
6984	5,17
6985	5,17
6986	5,17
6987	5,17
6988	5,17
6989	5,29
6990	5,29
6991	5,29
6992	5,29
6993	5,29
6994	5,29
6995	5,29
6996	5,17
6997	5,29
6998	5,29
6999	5,29
7000	5,29
7001	5,29
7002	5,29
7003	5,29
7004	5,29
7005	5,29
7006	5,29
7007	5,29
7008	5,29
7009	5,29
7010	5,29
7011	5,29
7012	5,4
7013	5,29
7014	5,29
7015	5,29
7016	5,29
7017	5,29
7018	5,4
7019	5,29
7020	5,29
7021	5,29
7022	5,4
7023	5,29
7024	5,29
7025	5,29
7026	5,29
7027	5,29
7028	5,29
7029	5,29
7030	5,29
7031	5,29
7032	5,29
7033	5,29
7034	5,29
7035	5,29
7036	5,29
7037	5,29
7038	5,29
7039	5,29
7040	5,29
7041	5,29
7042	5,29
7043	5,29
7044	5,29
7045	5,29
7046	5,29
7047	5,29
7048	5,29
7049	5,4
7050	5,29
7051	5,29
7052	5,29
7053	5,29
7054	5,29
7055	5,29
7056	5,29
7057	5,4
7058	5,4
7059	5,29
7060	5,29
7061	5,29
7062	5,29
7063	5,4
7064	5,29
7065	5,4
7066	5,4
7067	5,4
7068	5,29
7069	5,29
7070	5,29
7071	5,29
7072	5,29
7073	5,29
7074	5,29
7075	5,29
7076	5,29
7077	5,29
7078	5,29
7079	5,29
7080	5,29
7081	5,29
7082	5,29
7083	5,29
7084	5,29
7085	5,29
7086	5,29
7087	5,29
7088	5,4
7089	5,29
7090	5,4
7091	5,29
7092	5,4
7093	5,29
7094	5,4
7095	5,4
7096	5,4
7097	5,4
7098	5,4
7099	5,4
7100	5,4
7101	5,29
7102	5,29
7103	5,29
7104	5,29
7105	5,29
7106	5,29
7107	5,29
7108	5,29
7109	5,29
7110	5,29
7111	5,29
7112	5,29
7113	5,4
7114	5,29
7115	5,4
7116	5,29
7117	5,29
7118	5,29
7119	5,29
7120	5,29
7121	5,29
7122	5,29
7123	5,29
7124	5,29
7125	5,4
7126	5,29
7127	5,29
7128	5,29
7129	5,29
7130	5,29
7131	5,29
7132	5,29
7133	5,29
7134	5,29
7135	5,29
7136	5,29
7137	5,29
7138	5,29
7139	5,29
7140	5,29
7141	5,29
7142	5,29
7143	5,29
7144	5,29
7145	5,29
7146	5,29
7147	5,29
7148	5,29
7149	5,29
7150	5,29
7151	5,29
7152	5,29
7153	5,29
7154	5,29
7155	5,29
7156	5,29
7157	5,29
7158	5,29
7159	5,29
7160	5,29
7161	5,29
7162	5,29
7163	5,29
7164	5,29
7165	5,29
7166	5,29
7167	5,29
7168	5,29
7169	5,29
7170	5,29
7171	5,29
7172	5,29
7173	5,29
7174	5,29
7175	5,29
7176	5,29
7177	5,29
7178	5,29
7179	5,29
7180	5,29
7181	5,29
7182	5,29
7183	5,29
7184	5,4
7185	5,29
7186	5,29
7187	5,29
7188	5,29
7189	5,29
7190	5,29
7191	5,29
7192	5,29
7193	5,29
7194	5,29
7195	5,29
7196	5,29
7197	5,29
7198	5,29
7199	5,29
7200	5,29
7201	5,29
7202	5,29
7203	5,29
7204	5,29
7205	5,29
7206	5,29
7207	5,29
7208	5,29
7209	5,4
7210	5,4
7211	5,29
7212	5,29
7213	5,29
7214	6,21
7215	6,21
7216	5,86
7217	6,09
7218	5,86
7219	5,86
7220	5,86
7221	5,75
7222	5,86
7223	6,32
7224	5,98
7225	5,86
7226	5,86
7227	5,75
7228	5,63
7229	5,86
7230	6,09
7231	5,86
7232	5,75
7233	5,63
7234	5,52
7235	5,4
7236	5,86
7237	5,63
7238	5,75
7239	5,98
7240	5,98
7241	5,63
7242	5,75
7243	5,98
7244	5,86
7245	5,98
7246	5,98
7247	5,75
7248	5,75
7249	5,75
7250	5,75
7251	5,86
7252	5,52
7253	6,09
7254	6,21
7255	6,21
7256	6,32
7257	5,86
7258	5,52
7259	5,75
7260	6,09
7261	5,86
7262	5,86
7263	5,98
7264	5,63
7265	5,75
7266	5,63
7267	5,75
7268	5,75
7269	5,98
7270	5,63
7271	5,86
7272	5,98
7273	5,52
7274	5,4
7275	5,4
7276	5,98
7277	5,75
7278	5,75
7279	5,98
7280	5,75
7281	5,75
7282	5,75
7283	5,98
7284	5,75
7285	5,52
7286	5,63
7287	5,63
7288	5,52
7289	5,86
7290	5,75
7291	5,75
7292	5,75
7293	5,75
7294	5,52
7295	5,86
7296	5,75
7297	5,75
7298	5,75
7299	5,63
7300	5,75
7301	5,75
7302	5,63
7303	5,75
7304	5,63
7305	5,63
7306	5,75
7307	5,86
7308	5,75
7309	5,75
7310	5,75
7311	6,21
7312	5,86
7313	5,75
7314	5,86
7315	5,86
7316	5,75
7317	5,63
7318	5,63
7319	5,52
7320	5,75
7321	5,75
7322	5,63
7323	5,75
7324	5,63
7325	5,75
7326	5,86
7327	5,75
7328	5,75
7329	5,98
7330	5,52
7331	5,75
7332	5,63
7333	5,52
7334	5,52
7335	5,52
7336	5,63
7337	5,63
7338	5,29
7339	5,52
7340	5,52
7341	5,52
7342	5,4
7343	5,52
7344	5,4
7345	5,75
7346	5,52
7347	5,4
7348	5,75
7349	5,63
7350	5,52
7351	5,63
7352	5,17
7353	5,29
7354	5,29
7355	5,52
7356	5,75
7357	5,86
7358	5,63
7359	5,63
7360	5,52
7361	5,63
7362	5,4
7363	5,75
7364	5,52
7365	5,75
7366	5,52
7367	5,63
7368	5,63
7369	5,63
7370	5,52
7371	5,4
7372	5,63
7373	5,63
7374	5,75
7375	5,98
7376	5,52
7377	5,52
7378	5,4
7379	5,52
7380	5,52
7381	5,52
7382	5,75
7383	5,4
7384	5,4
7385	5,75
7386	5,4
7387	5,52
7388	5,52
7389	5,4
7390	5,75
7391	5,29
7392	5,17
7393	5,52
7394	5,75
7395	5,86
7396	5,86
7397	5,17
7398	5,4
7399	5,4
7400	5,52
7401	5,29
7402	5,52
7403	5,52
7404	5,52
7405	5,52
7406	5,29
7407	5,29
7408	5,29
7409	5,29
7410	5,29
7411	5,4
7412	5,4
7413	5,4
7414	5,52
7415	5,75
7416	5,63
7417	5,52
7418	5,63
7419	5,63
7420	5,52
7421	5,4
7422	5,75
7423	5,63
7424	5,63
7425	5,63
7426	5,86
7427	5,75
7428	5,86
7429	5,63
7430	5,63
7431	5,63
7432	5,75
7433	5,63
7434	5,75
7435	5,75
7436	5,75
7437	5,75
7438	5,63
7439	5,75
7440	5,75
7441	5,75
7442	5,75
7443	5,75
7444	5,52
7445	5,63
7446	5,63
7447	5,86
7448	5,75
7449	5,63
7450	5,63
7451	5,75
7452	5,63
7453	5,75
7454	5,75
7455	5,63
7456	5,75
7457	5,75
7458	5,52
7459	5,63
7460	5,75
7461	5,86
7462	5,63
7463	5,75
7464	5,75
7465	5,75
7466	5,52
7467	5,86
7468	5,75
7469	5,86
7470	5,63
7471	5,63
7472	5,86
7473	5,98
7474	5,75
7475	6,09
7476	6,09
7477	5,75
7478	6,09
7479	6,09
7480	5,98
7481	6,21
7482	5,86
7483	5,86
7484	5,98
7485	5,86
7486	5,98
7487	5,75
7488	5,63
7489	5,75
7490	5,86
7491	5,75
7492	5,63
7493	5,86
7494	5,75
7495	5,52
7496	5,75
7497	5,75
7498	5,63
7499	5,75
7500	5,75
7501	5,75
7502	5,75
7503	5,63
7504	5,63
7505	5,52
7506	5,63
7507	5,75
7508	5,75
7509	5,63
7510	5,52
7511	5,63
7512	5,52
7513	5,75
7514	5,52
7515	5,75
7516	5,98
7517	5,63
7518	5,75
7519	5,63
7520	5,75
7521	5,63
7522	5,4
7523	5,75
7524	5,86
7525	5,75
7526	5,75
7527	5,86
7528	5,75
7529	5,75
7530	5,63
7531	5,75
7532	5,63
7533	5,75
7534	5,75
7535	5,63
7536	5,63
7537	5,75
7538	5,75
7539	5,86
7540	5,52
7541	5,63
7542	5,98
7543	5,86
7544	5,75
7545	5,75
7546	5,75
7547	5,75
7548	5,63
7549	5,98
7550	5,52
7551	5,86
7552	5,52
7553	5,52
7554	5,86
7555	5,75
7556	5,75
7557	5,75
7558	5,52
7559	5,4
7560	5,4
7561	5,63
7562	5,75
7563	5,75
7564	5,63
7565	5,75
7566	5,63
7567	5,75
7568	5,86
7569	5,75
7570	5,63
7571	5,86
7572	5,63
7573	5,75
7574	5,86
7575	5,52
7576	5,75
7577	5,75
7578	5,75
7579	5,63
7580	5,86
7581	5,86
7582	5,63
7583	5,63
7584	5,63
7585	5,98
7586	5,63
7587	5,63
7588	5,75
7589	5,63
7590	5,75
7591	5,63
7592	5,63
7593	5,63
7594	5,75
7595	5,63
7596	5,52
7597	5,63
7598	5,52
7599	5,86
7600	5,63
7601	5,52
7602	5,52
7603	5,52
7604	5,4
7605	5,63
7606	5,75
7607	5,63
7608	5,63
7609	5,75
7610	5,52
7611	5,75
7612	5,86
7613	5,63
7614	5,75
7615	5,63
7616	5,86
7617	5,75
7618	5,75
7619	5,75
7620	5,17
7621	5,75
7622	5,75
7623	5,75
7624	5,86
7625	5,86
7626	5,86
7627	5,75
7628	5,75
7629	5,86
7630	5,63
7631	5,63
7632	5,63
7633	5,75
7634	5,75
7635	5,75
7636	5,75
7637	5,75
7638	5,75
7639	5,75
7640	5,63
7641	5,75
7642	5,75
7643	5,75
7644	5,63
7645	5,75
7646	5,75
7647	5,75
7648	5,75
7649	5,75
7650	5,75
7651	5,75
7652	5,63
7653	5,52
7654	5,52
7655	5,63
7656	5,63
7657	5,63
7658	5,63
7659	5,75
7660	5,75
7661	5,52
7662	5,75
7663	5,75
7664	5,75
7665	5,63
7666	5,52
7667	5,75
7668	5,75
7669	5,63
7670	5,4
7671	5,4
7672	5,63
7673	5,63
7674	5,52
7675	5,63
7676	5,63
7677	5,63
7678	5,52
7679	5,63
7680	5,63
7681	5,63
7682	5,63
7683	5,75
7684	5,75
7685	5,63
7686	5,63
7687	5,75
7688	5,75
7689	5,75
7690	5,63
7691	5,75
7692	5,63
7693	5,63
7694	5,63
7695	5,63
7696	5,75
7697	5,75
7698	5,75
7699	5,63
7700	5,75
7701	5,75
7702	5,75
7703	5,63
7704	5,63
7705	5,63
7706	5,75
7707	5,75
7708	5,75
7709	5,75
7710	5,52
7711	5,75
7712	5,63
7713	5,4
7714	5,63
7715	5,63
7716	5,63
7717	5,75
7718	5,75
7719	5,63
7720	5,63
7721	5,63
7722	5,75
7723	5,75
7724	5,75
7725	5,63
7726	5,63
7727	5,63
7728	5,75
7729	5,75
7730	5,63
7731	5,75
7732	5,75
7733	5,75
7734	5,75
7735	5,75
7736	5,75
7737	5,75
7738	5,75
7739	5,75
7740	5,75
7741	5,63
7742	5,75
7743	5,75
7744	5,63
7745	5,75
7746	5,52
7747	5,75
7748	5,75
7749	5,75
7750	5,75
7751	5,75
7752	5,75
7753	5,75
7754	5,75
7755	5,86
7756	5,63
7757	5,75
7758	5,75
7759	5,75
7760	5,75
7761	5,75
7762	5,52
7763	5,63
7764	5,52
7765	5,4
7766	4,6
